cycle_number,relax_var,relax_ske,relax_max,relax_min,relax_mean,relax_kur,relax_duration_s,relax_points,relax_start_voltage,relax_end_voltage,relax_voltage_delta,window_s,window_points,SOH,RUL,discharge_capacity_in_Ah
1,2.2727272727301358e-10,-19.899748741933685,4.1998,4.1995,4.199799242424241,395.999999994701,1970.0,396,4.1998,4.1998,0.0,1970.0,396,1.1099366666666668,444.0,0.2774841666666667
2,1.2418154003063126e-08,-12.987536628966687,4.2001,4.1979,4.199803773584904,232.4692782555128,1847.0,371,4.1998,4.1979,-0.0019,1847.0,371,1.1046482222222225,443.0,0.2761620555555555
3,1.0314149283752631e-09,9.178311773709533,4.2001,4.1998,4.199803468208091,82.71952908323628,1725.0,346,4.1998,4.1998,0.0,1725.0,346,1.095365,442.0,0.27384125
4,5.60736677116694e-10,12.589304426407631,4.2001,4.1998,4.1998018749999995,157.4747834348332,1591.0,320,4.1998,4.1998,0.0,1591.0,320,1.0880676666666669,441.0,0.2720169166666666
5,0.0,0.0,4.1998,4.1998,4.1998,0.0,1551.0,312,4.1998,4.1998,0.0,1551.0,312,1.0850638888888888,440.0,0.2712659722222222
6,3.1703277889070854e-30,0.0,4.1998,4.1998,4.199799999999998,0.0,1058.0,213,4.1998,4.1998,0.0,1058.0,213,1.0766464444444444,439.0,0.2691616111111111
7,4.712041884822693e-10,-13.820274960843648,4.1998,4.1995,4.19979842931937,190.99999999550073,950.0,191,4.1998,4.1998,0.0,950.0,191,1.0637682222222222,438.0,0.2659420555555555
8,4.972375690614004e-10,13.453624047228564,4.2001,4.1998,4.199801657458562,181.0000000028088,895.0,181,4.1998,4.1998,0.0,895.0,181,1.0611955555555554,437.0,0.2652988888888888
9,4.945054945061176e-10,-13.490737563028985,4.1998,4.1995,4.19979835164835,181.9999999963073,902.0,182,4.1998,4.1998,0.0,902.0,182,1.0604506666666669,436.0,0.2651126666666666
10,3.1721390897776145e-30,0.0,4.1998,4.1998,4.199799999999998,0.0,945.0,190,4.1998,4.1998,0.0,945.0,190,1.0558961111111111,435.0,0.2639740277777778
11,4.918032786891445e-10,13.527749258614712,4.2001,4.1998,4.199801639344261,183.00000000266317,907.0,183,4.1998,4.1998,0.0,907.0,183,1.0493906666666666,434.0,0.2623476666666666
12,3.1729738632222926e-30,0.0,4.1998,4.1998,4.199799999999998,0.0,898.0,181,4.1998,4.1998,0.0,898.0,181,1.0507995555555556,433.0,0.2626998888888889
13,1.459196541165592e-09,-7.679961633239452,4.1998,4.1995,4.199795081967212,57.61136075200083,910.0,183,4.1998,4.1998,0.0,910.0,183,1.0477611111111111,432.0,0.2619402777777778
14,3.1724083715339614e-30,0.0,4.1998,4.1998,4.199799999999998,0.0,929.0,187,4.1998,4.1998,0.0,929.0,187,1.0444964444444444,431.0,0.2611241111111111
15,3.615269461082401e-09,-4.628748147053371,4.1998,4.1995,4.1997874999999985,19.659221867299447,833.0,168,4.1998,4.1998,0.0,833.0,168,1.0394664444444446,430.0,0.2598666111111111
16,7.935287212282368e-31,0.0,4.1998,4.1998,4.199799999999999,0.0,843.0,170,4.1998,4.1998,0.0,843.0,170,1.034599888888889,429.0,0.2586499722222222
17,3.173578354337404e-30,0.0,4.1998,4.1998,4.199799999999998,0.0,866.0,175,4.1998,4.1998,0.0,866.0,175,1.0346713333333333,428.0,0.2586678333333333
18,1.977795073891663e-06,-13.22348214906931,4.2001,4.1812,4.199695428571427,174.9074556342726,866.0,175,4.1998,4.1812,-0.0186000000000001,866.0,175,1.0385204444444445,427.0,0.2596301111111111
19,5.000000000006302e-10,-13.416407864846766,4.1998,4.1995,4.199798333333332,179.9999999972506,895.0,180,4.1998,4.1998,0.0,895.0,180,1.0339896666666666,426.0,0.2584974166666666
20,1.058748943365662e-09,-9.109451602483702,4.1998,4.1995,4.199796449704141,81.9518806685506,838.0,169,4.1998,4.1998,0.0,838.0,169,1.033403,425.0,0.25835075
21,7.93292708059332e-31,0.0,4.1998,4.1998,4.199799999999999,0.0,889.0,179,4.1998,4.1998,0.0,889.0,179,1.032929,424.0,0.25823225
22,7.935012634870177e-31,0.0,4.1998,4.1998,4.199799999999999,0.0,846.0,171,4.1998,4.1998,0.0,846.0,171,1.0317144444444446,423.0,0.2579286111111111
23,1.993537211291699e-06,-12.956251469189157,4.1998,4.1815,4.1996892857142845,167.90808640479958,832.0,168,4.1998,4.1815,-0.0182999999999999,832.0,168,1.0317324444444445,422.0,0.2579331111111111
24,5.142857142863623e-10,13.2287565555627,4.2001,4.1998,4.199801714285712,175.00000000427758,870.0,175,4.1998,4.1998,0.0,870.0,175,1.0307427777777778,421.0,0.2576856944444444
25,2.997044334979146e-09,5.163166999548452,4.2001,4.1998,4.199810285714284,24.943246492304183,866.0,175,4.1998,4.1998,0.0,866.0,175,1.0327683333333335,420.0,0.2581920833333334
26,9.94413407822482e-10,9.406551435163976,4.2001,4.1998,4.199803333333332,87.45486681134777,895.0,180,4.1998,4.1998,0.0,895.0,180,1.0335056666666669,419.0,0.2583764166666666
27,1.0777656078874483e-09,9.026726017042328,4.2001,4.1998,4.19980361445783,80.45099643227552,824.0,166,4.1998,4.1998,0.0,824.0,166,1.0242215555555556,418.0,0.2560553888888889
28,7.935012634870177e-31,0.0,4.1998,4.1998,4.199799999999999,0.0,848.0,171,4.1998,4.1998,0.0,848.0,171,1.0291207777777778,417.0,0.2572801944444444
29,1.516558441560353e-09,7.526470303714855,4.2001,4.1998,4.199805113636362,55.27580023782347,874.0,176,4.1998,4.1998,0.0,874.0,176,1.0260003333333334,416.0,0.2565000833333333
30,7.937606623962975e-31,0.0,4.1998,4.1998,4.199799999999999,0.0,802.0,162,4.1998,4.1998,0.0,802.0,162,1.024789333333333,415.0,0.2561973333333333
31,2.2196811196884338e-08,-12.400578927267691,4.2001,4.1979,4.199790419161675,158.95934114161216,828.0,167,4.1998,4.1979,-0.0019,828.0,167,1.024938,414.0,0.2562345
32,7.211211822659703e-07,-13.144055495456042,4.2001,4.1886,4.199746285714284,173.52442941495684,866.0,175,4.1998,4.1886,-0.0111999999999996,866.0,175,1.024646222222222,413.0,0.2561615555555555
33,7.637698898418436e-09,2.826956348002396,4.2001,4.1998,4.199827906976743,6.062039813832932,852.0,172,4.1998,4.2001,0.0003000000000001,852.0,172,1.0232733333333333,412.0,0.2558183333333333
34,2.5550795593667444e-09,5.655683973233867,4.2001,4.1998,4.199808720930231,30.33943329549344,854.0,172,4.1998,4.1998,0.0,854.0,172,1.021616111111111,411.0,0.2554040277777777
35,5.421686746994786e-10,12.884098726932349,4.2001,4.1998,4.199801807228914,166.00000000360325,822.0,166,4.1998,4.1998,0.0,822.0,166,1.0208904444444444,410.0,0.2552226111111111
36,5.20231213873488e-10,-13.152946437862052,4.1998,4.1995,4.199798265895953,172.9999999981575,859.0,173,4.1998,4.1998,0.0,859.0,173,1.0231125555555556,409.0,0.2557781388888889
37,5.172413793109963e-10,-13.1909059580284,4.1998,4.1995,4.199798275862067,173.99999999564926,863.0,174,4.1998,4.1998,0.0,863.0,174,1.0236547777777778,408.0,0.2559136944444444
38,5.660377358497698e-10,-12.609520212790798,4.1998,4.1995,4.199798113207546,158.99999999782588,788.0,159,4.1998,4.1998,0.0,788.0,159,1.017750777777778,407.0,0.2544376944444445
39,7.936710326918716e-31,0.0,4.1998,4.1998,4.199799999999999,0.0,819.0,165,4.1998,4.1998,0.0,819.0,165,1.0202714444444445,406.0,0.2550678611111111
40,7.938536957603853e-31,0.0,4.1998,4.1998,4.199799999999999,0.0,787.0,159,4.1998,4.1998,0.0,787.0,159,1.0173485555555557,405.0,0.2543371388888888
41,1.084257206209792e-09,8.998981680915822,4.2001,4.1998,4.199803636363635,79.95069441973004,818.0,165,4.1998,4.1998,0.0,818.0,165,1.020071222222222,404.0,0.2550178055555555
42,2.645125958382304e-09,5.548541341497782,4.2001,4.1998,4.199809036144576,29.13724170888968,824.0,166,4.1998,4.1998,0.0,824.0,166,1.0216246666666666,403.0,0.2554061666666666
43,7.665603614377645e-07,-13.07337931286408,4.2001,4.1883,4.199749425287355,171.9569713948948,861.0,174,4.1998,4.1883,-0.0114999999999998,861.0,174,1.0196522222222222,402.0,0.2549130555555555
44,3.065015479880021e-09,5.098182035355514,4.2001,4.1998,4.199810526315788,24.275263198933654,848.0,171,4.1998,4.1998,0.0,848.0,171,1.0173377777777777,401.0,0.2543344444444444
45,2.2075471698141022e-09,6.142607414595988,4.2001,4.1998,4.199807499999999,36.18380168632753,791.0,160,4.1998,4.1998,0.0,791.0,160,1.0180613333333333,400.0,0.2545153333333333
46,5.294117647065497e-10,13.038404810469393,4.2001,4.1998,4.199801764705882,170.00000000112752,844.0,170,4.1998,4.1998,0.0,844.0,170,1.0189932222222222,399.0,0.2547483055555555
47,1.1042097998633644e-09,8.915230176668148,4.2001,4.1998,4.199803703703703,78.44976562595303,804.0,162,4.1998,4.1998,0.0,804.0,162,1.017305111111111,398.0,0.2543262777777778
48,7.442218798160379e-09,2.8813763770908936,4.2001,4.1998,4.199827118644067,6.374231251799951,875.0,177,4.1998,4.1998,0.0,875.0,177,1.019715666666667,397.0,0.2549289166666666
49,5.263157894743476e-10,13.076696830793816,4.2001,4.1998,4.199801754385963,171.000000003031,848.0,171,4.1998,4.1998,0.0,848.0,171,1.0231358888888888,396.0,0.2557839722222222
50,9.883040935672364e-07,-13.076696830619207,4.1998,4.1868,4.199723976608186,170.99999999995043,849.0,171,4.1998,4.1868,-0.0129999999999999,849.0,171,1.0158001111111112,395.0,0.2539500277777778
51,8.509031781227023e-07,-12.736774742510493,4.2001,4.188,4.199744848484847,163.16240591603542,820.0,165,4.1998,4.188,-0.0118,820.0,165,1.0138805555555557,394.0,0.2534701388888889
52,7.935012634870177e-31,0.0,4.1998,4.1998,4.199799999999999,0.0,846.0,171,4.1998,4.1998,0.0,846.0,171,1.0209314444444444,393.0,0.2552328611111111
53,7.933177464934471e-31,0.0,4.1998,4.1998,4.199799999999999,0.0,882.0,178,4.1998,4.1998,0.0,882.0,178,1.020411888888889,392.0,0.2551029722222222
54,1.5694396101655695e-09,7.392366944593751,4.2001,4.1998,4.199805294117645,53.27374336127137,844.0,170,4.1998,4.1998,0.0,844.0,170,1.0187262222222222,391.0,0.2546815555555555
55,6.712429378530415e-07,-13.304134695646612,4.1998,4.1889,4.199738418079095,176.99999999993796,877.0,177,4.1998,4.1889,-0.0108999999999994,877.0,177,1.0216821111111112,390.0,0.2554205277777778
56,5.263157894743475e-10,13.076696830793828,4.2001,4.1998,4.199801754385963,171.00000000303106,846.0,171,4.1998,4.1998,0.0,846.0,171,1.021534222222222,389.0,0.2553835555555555
57,7.935012634870177e-31,0.0,4.1998,4.1998,4.199799999999999,0.0,847.0,171,4.1998,4.1998,0.0,847.0,171,1.0152127777777775,388.0,0.2538031944444444
58,7.935846232163472e-31,0.0,4.1998,4.1998,4.199799999999999,0.0,832.0,168,4.1998,4.1998,0.0,832.0,168,1.0183761111111111,387.0,0.2545940277777778
59,3.173683179386267e-30,0.0,4.1998,4.1998,4.199799999999998,0.0,864.0,174,4.1998,4.1998,0.0,864.0,174,1.0195662222222222,386.0,0.2548915555555555
60,7.93292708059332e-31,0.0,4.1998,4.1998,4.199799999999999,0.0,886.0,179,4.1998,4.1998,0.0,886.0,179,1.0190645555555555,385.0,0.2547661388888889
61,7.935012634870177e-31,0.0,4.1998,4.1998,4.199799999999999,0.0,846.0,171,4.1998,4.1998,0.0,846.0,171,1.0157711111111112,384.0,0.2539427777777778
62,2.6765674098492503e-09,5.512363751491785,4.2001,4.1998,4.199809146341462,28.736475528461405,812.0,164,4.1998,4.1998,0.0,812.0,164,1.0149855555555556,383.0,0.2537463888888889
63,7.935012634870177e-31,0.0,4.1998,4.1998,4.199799999999999,0.0,848.0,171,4.1998,4.1998,0.0,848.0,171,1.0194894444444444,382.0,0.2548723611111111
64,3.919331339619732e-08,-12.433435045775807,4.2001,4.1973,4.199786419753086,157.39463120062595,804.0,162,4.1998,4.1973,-0.0024999999999995,804.0,162,1.0159395555555557,381.0,0.2539848888888888
65,3.174452317395397e-30,0.0,4.1998,4.1998,4.199799999999998,0.0,830.0,167,4.1998,4.1998,0.0,830.0,167,1.015178777777778,380.0,0.2537946944444444
66,7.936710326918716e-31,0.0,4.1998,4.1998,4.199799999999999,0.0,816.0,165,4.1998,4.1998,0.0,816.0,165,1.010915111111111,379.0,0.2527287777777777
67,7.937304169816354e-31,0.0,4.1998,4.1998,4.199799999999999,0.0,809.0,163,4.1998,4.1998,0.0,809.0,163,1.008572888888889,378.0,0.2521432222222222
68,3.174452317395397e-30,0.0,4.1998,4.1998,4.199799999999998,0.0,829.0,167,4.1998,4.1998,0.0,829.0,167,1.015107888888889,377.0,0.2537769722222222
69,1.022660098523456e-09,-9.27268712692416,4.1998,4.1995,4.199796571428569,84.95355674890526,866.0,175,4.1998,4.1998,0.0,866.0,175,1.0187965555555556,376.0,0.2546991388888889
70,5.325443786988962e-10,-12.99999999998684,4.1998,4.1995,4.199798224852071,168.99999999976947,840.0,169,4.1995,4.1998,0.0003000000000001,840.0,169,1.0128237777777778,375.0,0.2532059444444444
71,7.93292708059332e-31,0.0,4.1998,4.1998,4.199799999999999,0.0,888.0,179,4.1998,4.1998,0.0,888.0,179,1.0192615555555555,374.0,0.2548153888888889
72,7.936418804041695e-31,0.0,4.1998,4.1998,4.199799999999999,0.0,821.0,166,4.1998,4.1998,0.0,821.0,166,1.0165344444444444,373.0,0.2541336111111111
73,5.232558139541476e-10,13.11487704875544,4.2001,4.1998,4.199801744186045,172.00000000267917,850.0,172,4.1998,4.1998,0.0,850.0,172,1.0160894444444444,372.0,0.2540223611111111
74,1.077765607887448e-09,9.026726017042344,4.2001,4.1998,4.19980361445783,80.45099643227563,824.0,166,4.1998,4.1998,0.0,824.0,166,1.0121708888888887,371.0,0.2530427222222222
75,3.173578354337404e-30,0.0,4.1998,4.1998,4.199799999999998,0.0,865.0,175,4.1998,4.1998,0.0,865.0,175,1.0137691111111111,370.0,0.2534422777777778
76,7.937304169816354e-31,0.0,4.1998,4.1998,4.199799999999999,0.0,810.0,163,4.1998,4.1998,0.0,810.0,163,1.0101368888888889,369.0,0.2525342222222222
77,7.933686818222748e-31,0.0,4.1998,4.1998,4.199799999999999,0.0,873.0,176,4.1998,4.1998,0.0,873.0,176,1.0126823333333332,368.0,0.2531705833333333
78,1.0650128314812394e-09,9.0819602050479,4.2001,4.1998,4.19980357142857,81.4515894913721,831.0,168,4.1998,4.1998,0.0,831.0,168,1.015779888888889,367.0,0.2539449722222222
79,1.104209799863365e-09,8.915230176668144,4.2001,4.1998,4.199803703703703,78.449765625953,803.0,162,4.1998,4.1998,0.0,803.0,162,1.0105875555555557,366.0,0.2526468888888889
80,8.319232962646216e-07,-12.910947039912068,4.2001,4.188,4.199736904761904,167.1364599840257,835.0,168,4.1998,4.188,-0.0118,835.0,168,1.0109722222222222,365.0,0.2527430555555555
81,2.5993237531731827e-09,5.6023691279615715,4.2001,4.1998,4.199808875739644,29.738356962418663,837.0,169,4.1998,4.1998,0.0,837.0,169,1.0069431111111111,364.0,0.2517357777777778
82,2.1676891615569235e-09,6.20338268915845,4.2001,4.1998,4.199807361963189,36.93503017745118,805.0,163,4.1998,4.1998,0.0,805.0,163,1.0055126666666667,363.0,0.2513781666666667
83,5.696202531652747e-10,12.569805090117525,4.2001,4.1998,4.199801898734176,158.0000000023932,783.0,158,4.1998,4.1998,0.0,783.0,158,1.0071815555555554,362.0,0.2517953888888888
84,2.6765674098492507e-09,-5.51236375133537,4.1998,4.1995,4.199790853658535,28.73647552729758,812.0,164,4.1998,4.1998,0.0,812.0,164,1.0052994444444443,361.0,0.2513248611111111
85,1.0168831168843983e-09,9.29961426299126,4.2001,4.1998,4.199803409090908,85.45382481275593,873.0,176,4.1998,4.1998,0.0,873.0,176,1.0083968888888888,360.0,0.2520992222222222
86,6.98882352941108e-07,-13.03840481040044,4.1998,4.1889,4.19973588235294,169.9999999999145,841.0,170,4.1998,4.1889,-0.0108999999999994,841.0,170,1.0081267777777778,359.0,0.2520316944444444
87,7.934741268889709e-31,0.0,4.1998,4.1998,4.199799999999999,0.0,850.0,172,4.1998,4.1998,0.0,850.0,172,1.006643777777778,358.0,0.2516609444444445
88,7.934741268889709e-31,0.0,4.1998,4.1998,4.199799999999999,0.0,854.0,172,4.1998,4.1998,0.0,854.0,172,1.0035873333333334,357.0,0.2508968333333333
89,5.42168674699478e-10,12.884098726816545,4.2001,4.1998,4.199801807228915,166.0000000015894,821.0,166,4.1998,4.1998,0.0,821.0,166,1.006583111111111,356.0,0.2516457777777777
90,7.556626506023631e-07,-12.884098726722268,4.1998,4.1886,4.199732530120481,165.99999999995026,825.0,166,4.1998,4.1886,-0.0111999999999996,825.0,166,1.0080838888888888,355.0,0.2520209722222222
91,1.1110248447218964e-09,8.887137457175843,4.2001,4.1998,4.1998037267080734,77.9494482031301,800.0,161,4.1998,4.1998,0.0,800.0,161,1.0076112222222222,354.0,0.2519028055555555
92,5.263157894743475e-10,13.076696830793828,4.2001,4.1998,4.199801754385963,171.00000000303106,845.0,171,4.1998,4.1998,0.0,845.0,171,1.0071653333333337,353.0,0.2517913333333333
93,8.421952029764545e-07,-13.178414266815407,4.2001,4.1877,4.199732183908044,173.7827481109075,864.0,174,4.1998,4.1877,-0.0120999999999993,864.0,174,1.0087877777777778,352.0,0.2521969444444444
94,1.0525583014284059e-09,9.13686021366606,4.2001,4.1998,4.1998035294117635,82.4521683684678,842.0,170,4.1998,4.1998,0.0,842.0,170,1.0069434444444445,351.0,0.2517358611111111
95,7.935012634870177e-31,0.0,4.1998,4.1998,4.199799999999999,0.0,847.0,171,4.1998,4.1998,0.0,847.0,171,1.0107076666666668,350.0,0.2526769166666667
96,3.229813664600343e-09,4.948844380009379,4.2001,4.1998,4.19981111111111,22.772065493762444,803.0,162,4.1998,4.1998,0.0,803.0,162,1.0053877777777778,349.0,0.2513469444444444
97,7.939177058955055e-31,0.0,4.1998,4.1998,4.199799999999999,0.0,779.0,157,4.1998,4.1998,0.0,779.0,157,1.004390777777778,348.0,0.2510976944444444
98,7.937304169816354e-31,0.0,4.1998,4.1998,4.199799999999999,0.0,809.0,163,4.1998,4.1998,0.0,809.0,163,1.0066765555555557,347.0,0.2516691388888888
99,7.938536957603853e-31,0.0,4.1998,4.1998,4.199799999999999,0.0,789.0,159,4.1998,4.1998,0.0,789.0,159,1.0057694444444445,346.0,0.2514423611111111
100,1.6164079822636775e-09,-7.278724496385891,4.1998,4.1995,4.199794545454544,51.60524684288707,817.0,165,4.1998,4.1998,0.0,817.0,165,1.002995,345.0,0.25074875
101,7.939177058955055e-31,0.0,4.1998,4.1998,4.199799999999999,0.0,780.0,157,4.1998,4.1998,0.0,780.0,157,1.0036652222222222,344.0,0.2509163055555555
102,5.172413793109964e-10,13.190905958383953,4.2001,4.1998,4.19980172413793,174.00000000197545,862.0,174,4.1998,4.1998,0.0,862.0,174,1.004042111111111,343.0,0.2510105277777777
103,7.935287212282368e-31,0.0,4.1998,4.1998,4.199799999999999,0.0,841.0,170,4.1998,4.1998,0.0,841.0,170,1.0044553333333333,342.0,0.2511138333333333
104,7.936710326918716e-31,0.0,4.1998,4.1998,4.199799999999999,0.0,815.0,165,4.1998,4.1998,0.0,815.0,165,1.007212111111111,341.0,0.2518030277777777
105,7.936710326918716e-31,0.0,4.1998,4.1998,4.199799999999999,0.0,818.0,165,4.1998,4.1998,0.0,818.0,165,1.0034194444444444,340.0,0.2508548611111111
106,4.876847290646539e-09,-3.848905705401864,4.1998,4.1995,4.199782857142856,12.962091678823093,866.0,175,4.1998,4.1998,0.0,866.0,175,1.0062875555555555,339.0,0.2515718888888889
107,3.173578354337404e-30,0.0,4.1998,4.1998,4.199799999999998,0.0,866.0,175,4.1998,4.1998,0.0,866.0,175,1.013849888888889,338.0,0.2534624722222222
108,5.325443786988956e-10,13.00000000010371,4.2001,4.1998,4.199801775147928,169.0000000018192,837.0,169,4.1998,4.1998,0.0,837.0,169,1.0111264444444443,337.0,0.2527816111111111
109,5.232558139541476e-10,13.114877048755435,4.2001,4.1998,4.199801744186045,172.00000000267917,852.0,172,4.1998,4.1998,0.0,852.0,172,1.009559111111111,336.0,0.2523897777777777
110,1.1042097998633644e-09,-8.91523017650578,4.1998,4.1995,4.199796296296295,78.44976562399881,802.0,162,4.1998,4.1998,0.0,802.0,162,1.0060087777777778,335.0,0.2515021944444444
111,7.937912858786432e-31,0.0,4.1998,4.1998,4.199799999999999,0.0,797.0,161,4.1998,4.1998,0.0,797.0,161,1.0075244444444444,334.0,0.2518811111111111
112,5.29411764706549e-10,-13.038404810235043,4.1998,4.1995,4.199798235294116,169.99999999700495,841.0,170,4.1998,4.1998,0.0,841.0,170,1.0070285555555556,333.0,0.2517571388888889
113,2.7816091954005633e-08,-13.190905958249049,4.1998,4.1976,4.1997873563218375,173.9999999995753,862.0,174,4.1998,4.1976,-0.0021999999999993,862.0,174,1.0069011111111112,332.0,0.2517252777777778
114,5.590062111808281e-10,12.688577540560814,4.2001,4.1998,4.199801863354036,161.0000000019065,798.0,161,4.1998,4.1998,0.0,798.0,161,1.0059017777777777,331.0,0.2514754444444444
115,3.813800657172719e-08,-12.628857008067934,4.1998,4.1973,4.199783132530119,161.25555816531332,822.0,166,4.1998,4.1973,-0.0024999999999995,822.0,166,1.0057775555555557,330.0,0.2514443888888888
116,7.935287212282368e-31,0.0,4.1998,4.1998,4.199799999999999,0.0,843.0,170,4.1998,4.1998,0.0,843.0,170,1.0066414444444445,329.0,0.2516603611111111
117,7.935846232163472e-31,0.0,4.1998,4.1998,4.199799999999999,0.0,832.0,168,4.1998,4.1998,0.0,832.0,168,1.004721888888889,328.0,0.2511804722222222
118,4.380205781485187e-09,-4.123456450479944,4.1998,4.1995,4.199784713375795,15.19632939024244,779.0,157,4.1998,4.1998,0.0,779.0,157,1.0035046666666667,327.0,0.2508761666666667
119,1.0713512733582504e-09,-9.05438526530222,4.1998,4.1995,4.1997964071856275,80.95129476473696,826.0,167,4.1998,4.1995,-0.0003000000000001,826.0,167,1.0040504444444445,326.0,0.2510126111111111
120,1.597287353006847e-09,-7.324393356247917,4.1998,4.1995,4.199794610778442,52.27265877017074,826.0,167,4.1998,4.1998,0.0,826.0,167,1.004253888888889,325.0,0.2510634722222222
121,3.10966632266803e-08,-11.328138663563132,4.1998,4.1976,4.1997766081871335,138.60825255225345,849.0,171,4.1998,4.1976,-0.0021999999999993,849.0,171,1.0072334444444444,324.0,0.2518083611111111
122,1.1191020298441306e-08,-2.03983676030723,4.1998,4.1995,4.199756647398843,2.1860738012878524,859.0,173,4.1998,4.1998,0.0,859.0,173,1.006975777777778,323.0,0.2517439444444445
123,1.1519472847080297e-06,-12.748942302934342,4.1998,4.1861,4.199712269938649,162.6837924396864,805.0,163,4.1998,4.1861,-0.0137,805.0,163,1.0060673333333332,322.0,0.2515168333333333
124,5.509298393920719e-09,-3.557738067391329,4.1998,4.1995,4.19978047337278,10.785001405737525,837.0,169,4.1998,4.1998,0.0,837.0,169,1.0068644444444443,321.0,0.2517161111111111
125,6.4285714285795285e-09,-3.2039341694974945,4.1998,4.1995,4.199776923076922,8.364042998273568,839.0,169,4.1998,4.1998,0.0,839.0,169,1.006921888888889,320.0,0.2517304722222222
126,5.232558139541478e-10,-13.114877048401864,4.1998,4.1995,4.199798255813952,171.99999999642384,853.0,172,4.1998,4.1998,0.0,853.0,172,1.0073886666666667,319.0,0.2518471666666667
127,7.97006896551731e-07,-13.166555048226853,4.1998,4.188,4.199723999999999,173.8795861172569,866.0,175,4.1998,4.188,-0.0118,866.0,175,1.0094305555555556,318.0,0.2523576388888889
128,5.42168674699478e-10,-12.884098726584888,4.1998,4.1995,4.199798192771083,165.99999999756133,822.0,166,4.1998,4.1998,0.0,822.0,166,1.0087886666666668,317.0,0.2521971666666667
129,3.1361373638305147e-09,-5.0323573193493365,4.1998,4.1995,4.199789221556885,23.607217455152732,827.0,167,4.1998,4.1998,0.0,827.0,167,1.0082902222222223,316.0,0.2520725555555556
130,2.1292442497288606e-09,-6.263567357071666,4.1998,4.1995,4.199792771084336,37.68621391438094,823.0,166,4.1998,4.1998,0.0,823.0,166,1.0078293333333332,315.0,0.2519573333333333
131,3.6881818181805895e-08,-12.510311907608775,4.1998,4.1973,4.199780681818181,161.6601291740918,873.0,176,4.1998,4.1973,-0.0024999999999995,873.0,176,1.0057117777777778,314.0,0.2514279444444444
132,3.174452317395397e-30,0.0,4.1998,4.1998,4.199799999999998,0.0,828.0,167,4.1998,4.1998,0.0,828.0,167,1.0022284444444445,313.0,0.2505571111111111
133,1.0908274726932791e-09,-8.97115146612915,4.1998,4.1995,4.199796341463413,79.45038865892641,814.0,164,4.1998,4.1998,0.0,814.0,164,1.0018562222222225,312.0,0.2504640555555555
134,1.0005092983938994e-06,-12.97943837037186,4.1998,4.1868,4.199719526627217,168.63611470140458,839.0,169,4.1998,4.1868,-0.0129999999999999,839.0,169,1.0023437777777775,311.0,0.2505859444444444
135,5.263157894743475e-10,13.076696830793823,4.2001,4.1998,4.199801754385963,171.0000000030311,849.0,171,4.1998,4.1998,0.0,849.0,171,1.0036894444444444,310.0,0.2509223611111111
136,3.6152694610824e-09,-4.628748147098223,4.1998,4.1995,4.199787499999999,19.659221867579596,831.0,168,4.1998,4.1998,0.0,831.0,168,1.0034896666666666,309.0,0.2508724166666666
137,1.597287353006847e-09,-7.32439335624792,4.1998,4.1995,4.199794610778442,52.27265877017074,825.0,167,4.1998,4.1998,0.0,825.0,167,1.004497888888889,308.0,0.2511244722222222
138,1.0650128314812392e-09,-9.081960204882645,4.1998,4.1995,4.199796428571427,81.45158948934684,831.0,168,4.1998,4.1998,0.0,831.0,168,1.0045955555555557,307.0,0.2511488888888888
139,7.936418804041695e-31,0.0,4.1998,4.1998,4.199799999999999,0.0,825.0,166,4.1998,4.1998,0.0,825.0,166,1.0027224444444445,306.0,0.2506806111111111
140,1.058748943365662e-09,-9.109451602483702,4.1998,4.1995,4.199796449704141,81.95188066855059,838.0,169,4.1998,4.1998,0.0,838.0,169,1.0030197777777778,305.0,0.2507549444444444
141,7.937304169816354e-31,0.0,4.1998,4.1998,4.199799999999999,0.0,809.0,163,4.1998,4.1998,0.0,809.0,163,1.0010067777777778,304.0,0.2502516944444444
142,5.38922155689302e-10,-12.922847983082166,4.1998,4.1995,4.199798203592812,166.9999999958509,830.0,167,4.1998,4.1998,0.0,830.0,167,1.003482111111111,303.0,0.2508705277777777
143,5.040152155543122e-09,-3.7702420101882534,4.1998,4.1995,4.19978224852071,12.360876791516796,839.0,169,4.1998,4.1998,0.0,839.0,169,1.007962,302.0,0.2519905
144,1.0465116279082955e-09,1.6666159538463378e-10,4.2001,4.1995,4.199799999999998,85.99999999999997,856.0,173,4.1998,4.1998,0.0,856.0,173,1.0075704444444444,301.0,0.2518926111111111
145,8.088950276242204e-07,-13.45362404706965,4.1998,4.1877,4.199733149171269,180.99999999992633,899.0,181,4.1998,4.1877,-0.0120999999999993,899.0,181,1.0135326666666666,300.0,0.2533831666666666
146,1.0746916256157752e-06,-13.138980865635316,4.1998,4.1861,4.19970457142857,173.3883840375003,870.0,175,4.1998,4.1861,-0.0137,870.0,175,1.0068486666666667,299.0,0.2517121666666667
147,2.839600470038831e-09,-5.3221565909460296,4.1998,4.1995,4.1997902702702685,26.61295782033234,918.0,185,4.1998,4.1998,0.0,918.0,185,1.012112,298.0,0.253028
148,1.0403916768678955e-09,-9.191432040617924,4.1998,4.1995,4.1997965116279055,83.4527335625317,855.0,172,4.1998,4.1998,0.0,855.0,172,1.011683111111111,297.0,0.2529207777777777
149,3.173683179386267e-30,0.0,4.1998,4.1998,4.199799999999998,0.0,862.0,174,4.1998,4.1998,0.0,862.0,174,1.007379888888889,296.0,0.2518449722222222
150,9.889502762443399e-10,-9.433096169264717,4.1998,4.1995,4.199796685082871,87.95512000093166,897.0,181,4.1998,4.1998,0.0,897.0,181,1.0132743333333334,295.0,0.2533185833333333
151,4.9571603427235055e-09,-3.809775967883399,4.1998,4.1995,4.199782558139534,12.661493599185604,855.0,172,4.1998,4.1995,-0.0003000000000001,855.0,172,1.009051777777778,294.0,0.2522629444444444
152,1.6908284023689946e-08,-1.174286159152462,4.1998,4.1995,4.199725443786981,-0.6286328775188954,839.0,169,4.1998,4.1998,0.0,839.0,169,1.0123794444444445,293.0,0.2530948611111111
153,2.980519480523236e-09,-5.179285746255342,4.1998,4.1995,4.1997897727272715,25.110233050384537,874.0,176,4.1998,4.1998,0.0,874.0,176,1.0146257777777778,292.0,0.2536564444444444
154,6.839059158944735e-07,-13.4534919833456,4.1998,4.1886,4.199726086956521,181.9478803843916,911.0,184,4.1998,4.1886,-0.0111999999999996,911.0,184,1.0105027777777775,291.0,0.2526256944444444
155,3.419348695490882e-09,-4.780581641563705,4.1998,4.1995,4.19978820224719,21.0908244636383,883.0,178,4.1998,4.1998,0.0,883.0,178,1.008631111111111,290.0,0.2521577777777777
156,1.988192725197706e-09,-6.498726621169888,4.1998,4.1995,4.199793258426966,40.69054690979019,882.0,178,4.1998,4.1998,0.0,882.0,178,1.00708,289.0,0.25177
157,2.614414029087982e-09,-5.584484257083053,4.1998,4.1995,4.199791071428571,29.53798963828972,834.0,168,4.1998,4.1995,-0.0003000000000001,834.0,168,1.0076733333333332,288.0,0.2519183333333333
158,5.172413793109962e-10,-13.190905958028402,4.1998,4.1995,4.199798275862067,173.9999999956492,862.0,174,4.1998,4.1998,0.0,862.0,174,1.010955888888889,287.0,0.2527389722222222
159,2.988764044942487e-08,-11.557628617620397,4.1998,4.1976,4.199777528089887,144.28441746968997,881.0,178,4.1998,4.1976,-0.0021999999999993,881.0,178,1.0131353333333333,286.0,0.2532838333333333
160,7.93292708059332e-31,0.0,4.1998,4.1998,4.199799999999999,0.0,889.0,179,4.1998,4.1998,0.0,889.0,179,1.010583888888889,285.0,0.2526459722222222
161,1.988192725197706e-09,-6.498726621169888,4.1998,4.1995,4.199793258426966,40.69054690979019,880.0,178,4.1998,4.1998,0.0,880.0,178,1.0069853333333334,284.0,0.2517463333333333
162,7.093596059122239e-09,-2.9854508570172342,4.1998,4.1995,4.199774285714285,6.9927073530431425,869.0,175,4.1998,4.1998,0.0,869.0,175,1.0139626666666666,283.0,0.2534906666666666
163,4.876847290646539e-09,-3.8489057054018656,4.1998,4.1995,4.199782857142856,12.962091678823093,867.0,175,4.1998,4.1998,0.0,867.0,175,1.0116758888888888,282.0,0.2529189722222222
164,5.939436129488863e-09,-3.3829238396529586,4.1998,4.1995,4.199778823529411,9.556471370029344,845.0,170,4.1998,4.1995,-0.0003000000000001,845.0,170,1.006794888888889,281.0,0.2516987222222222
165,1.0549219196343634e-06,-13.322653013038384,4.1998,4.1861,4.199719662921347,177.6550700425722,883.0,178,4.1998,4.1861,-0.0137,883.0,178,1.0110583333333332,280.0,0.2527645833333333
166,1.0285030894970103e-09,-9.245681506951714,4.1998,4.1995,4.199796551724137,84.45328555858138,864.0,174,4.1998,4.1998,0.0,864.0,174,1.0096243333333332,279.0,0.2524060833333333
167,5.812238389483103e-09,-3.431724043958602,4.1998,4.1995,4.199779310344827,9.89028602573579,861.0,174,4.1998,4.1998,0.0,861.0,174,1.008715,278.0,0.25217875
168,1.0464396284842912e-09,-9.164186781887988,4.1998,4.1995,4.199796491228069,82.95245264410663,850.0,171,4.1998,4.1998,0.0,850.0,171,1.0073408888888888,277.0,0.2518352222222222
169,3.514585293726703e-09,-4.705277319078914,4.1998,4.1995,4.199787861271675,20.375065942341845,856.0,173,4.1998,4.1998,0.0,856.0,173,1.004071333333333,276.0,0.2510178333333333
170,7.244582043352783e-09,-2.9406747683329666,4.1998,4.1995,4.199773684210526,6.726103777870107,846.0,171,4.1998,4.1998,0.0,846.0,171,1.0077785555555554,275.0,0.2519446388888888
171,3.1737892233310475e-30,0.0,4.1998,4.1998,4.199799999999998,0.0,857.0,173,4.1998,4.1998,0.0,857.0,173,1.0040316666666669,274.0,0.2510079166666666
172,7.933686818222748e-31,0.0,4.1998,4.1998,4.199799999999999,0.0,872.0,176,4.1998,4.1998,0.0,872.0,176,1.0032952222222222,273.0,0.2508238055555555
173,5.142857142863621e-10,-13.22875655520614,4.1998,4.1995,4.199798285714285,174.999999997916,867.0,175,4.1998,4.1998,0.0,867.0,175,1.003056,272.0,0.250764
174,7.937606623962975e-31,0.0,4.1998,4.1998,4.199799999999999,0.0,804.0,162,4.1998,4.1998,0.0,804.0,162,1.0002407777777778,271.0,0.2500601944444444
175,2.5550795593667444e-09,-5.65568397307387,4.1998,4.1995,4.199791279069766,30.339433294272705,851.0,172,4.1998,4.1998,0.0,851.0,172,1.0020841111111112,270.0,0.2505210277777778
176,7.934741268889709e-31,0.0,4.1998,4.1998,4.199799999999999,0.0,853.0,172,4.1998,4.1998,0.0,853.0,172,0.99989,269.0,0.2499725
177,5.325443786988957e-10,-12.99999999998686,4.1998,4.1995,4.199798224852071,168.99999999976947,837.0,169,4.1998,4.1998,0.0,837.0,169,1.000706,268.0,0.2501765
178,2.379553466512987e-09,-5.8811259445665955,4.1998,4.1995,4.19979189189189,32.943693828324506,918.0,185,4.1998,4.1998,0.0,918.0,185,1.006578888888889,267.0,0.2516447222222222
179,1.0536512688908055e-06,-12.93227238656489,4.1998,4.1865,4.199715476190475,167.48491813652078,830.0,168,4.1998,4.1865,-0.0133,830.0,168,0.9994122222222224,266.0,0.2498530555555555
181,5.454545454552325e-10,-12.845232578516748,4.1998,4.1995,4.19979818181818,164.99999999742747,819.0,165,4.1998,4.1998,0.0,819.0,165,0.999471,264.0,0.24986775
182,5.172413793109964e-10,13.190905958383953,4.2001,4.1998,4.19980172413793,174.0000000019754,862.0,174,4.1998,4.1998,0.0,862.0,174,1.0030832222222223,263.0,0.2507708055555556
183,4.059867734080994e-09,-4.315953444158702,4.1998,4.1995,4.19978588235294,16.82527306482751,841.0,170,4.1998,4.1995,-0.0003000000000001,841.0,170,1.002908666666667,262.0,0.2507271666666666
184,8.438634225040881e-09,-2.616433072706774,4.1998,4.1995,4.199768786127167,4.902264981365624,856.0,173,4.1998,4.1998,0.0,856.0,173,1.000055666666667,261.0,0.2500139166666666
185,1.0055227575712535e-09,-9.353235795391164,4.1998,4.1995,4.199796629213482,86.45435175546376,883.0,178,4.1998,4.1998,0.0,883.0,178,1.0020987777777777,260.0,0.2505246944444444
186,7.937606623962975e-31,0.0,4.1998,4.1998,4.199799999999999,0.0,802.0,162,4.1998,4.1998,0.0,802.0,162,0.9960993333333332,259.0,0.2490248333333333
187,6.499531058373385e-09,-3.1799142687293016,4.1998,4.1995,4.199776646706585,8.2100413996089,828.0,167,4.1998,4.1998,0.0,828.0,167,0.9985022222222224,258.0,0.2496255555555555
188,2.0330875024940915e-09,-6.421298522319486,4.1998,4.1995,4.199793103448274,39.68916948547759,863.0,174,4.1998,4.1998,0.0,863.0,174,1.0015942222222225,257.0,0.2503985555555555
189,9.803846886319724e-09,-2.3068275278460324,4.1998,4.1995,4.199762921348314,3.359071042548106,883.0,178,4.1998,4.1998,0.0,883.0,178,1.002501,256.0,0.25062525
190,2.629680398242979e-09,-5.566541848006586,4.1998,4.1995,4.1997910179640705,29.3376179130632,828.0,167,4.1998,4.1998,0.0,828.0,167,1.0009534444444446,255.0,0.2502383611111111
191,1.516558441560353e-09,-7.526470303507232,4.1998,4.1995,4.199794886363635,55.27580023571592,872.0,176,4.1998,4.1998,0.0,872.0,176,1.002644111111111,254.0,0.2506610277777777
192,1.061986389316908e-06,-13.239737842321286,4.1998,4.1861,4.199710734463276,175.83648598686435,876.0,177,4.1998,4.1861,-0.0137,876.0,177,1.0035893333333334,253.0,0.2508973333333333
193,3.8030477809531255e-09,-4.486327221126881,4.1998,4.1995,4.199786813186812,18.328434094964276,901.0,182,4.1998,4.1998,0.0,901.0,182,1.006455111111111,252.0,0.2516137777777777
194,5.112592325713523e-09,-3.7320544721799176,4.1998,4.1995,4.199781967213113,12.05992080608293,910.0,183,4.1998,4.1998,0.0,910.0,183,1.0007494444444445,251.0,0.2501873611111111
195,2.0446296545260342e-09,-6.40179496943996,4.1998,4.1995,4.199793063583813,39.43881510171727,856.0,173,4.1998,4.1998,0.0,856.0,173,0.999031,250.0,0.24975775
196,5.448916408675595e-09,-3.5831562417358733,4.1998,4.1995,4.199780701754385,10.967150637661618,847.0,171,4.1998,4.1998,0.0,847.0,171,0.999577,249.0,0.24989425
197,3.173071797537031e-30,0.0,4.1998,4.1998,4.199799999999998,0.0,894.0,180,4.1998,4.1998,0.0,894.0,180,1.0001664444444445,248.0,0.2500416111111111
198,1.0289279885761062e-06,-13.095053538048052,4.1998,4.1865,4.199719186046511,171.64622862273595,853.0,172,4.1998,4.1865,-0.0133,853.0,172,0.9976627777777778,247.0,0.2494156944444444
199,3.173683179386267e-30,0.0,4.1998,4.1998,4.199799999999998,0.0,862.0,174,4.1998,4.1998,0.0,862.0,174,0.9982067777777778,246.0,0.2495516944444444
200,3.173578354337404e-30,0.0,4.1998,4.1998,4.199799999999998,0.0,869.0,175,4.1998,4.1998,0.0,869.0,175,1.0019718888888889,245.0,0.2504929722222222
201,8.851921559115033e-09,-2.5154652122189707,4.1998,4.1995,4.199767032967032,4.375529461751807,901.0,182,4.1998,4.1998,0.0,901.0,182,1.0025811111111111,244.0,0.2506452777777778
202,5.08474576271827e-10,-13.304134695512998,4.1998,4.1995,4.1997983050847445,176.99999999754084,875.0,177,4.1998,4.1998,0.0,875.0,177,1.003555888888889,243.0,0.2508889722222222
203,1.217679558012584e-08,-1.8681288504457405,4.1998,4.1995,4.199751933701656,1.506429268820774,898.0,181,4.1998,4.1998,0.0,898.0,181,1.0059624444444444,242.0,0.2514906111111111
204,1.924447612261869e-09,-6.613166970268067,4.1998,4.1995,4.199793478260868,42.19249994853733,915.0,184,4.1998,4.1998,0.0,915.0,184,1.0026583333333332,241.0,0.2506645833333333
205,3.574312565267296e-09,-4.659510636005854,4.1998,4.1995,4.199787647058822,19.9455702339335,844.0,170,4.1998,4.1998,0.0,844.0,170,1.0014097777777775,240.0,0.2503524444444444
206,1.005309090909105e-06,-13.2564143773076,4.1998,4.1865,4.199722727272726,175.8179151819715,871.0,176,4.1998,4.1865,-0.0133,871.0,176,1.000354222222222,239.0,0.2500885555555555
207,9.70479793430634e-07,-13.35236508324922,4.1998,4.1865,4.199696174863386,179.7878698412666,907.0,183,4.1998,4.1865,-0.0133,907.0,183,1.0005460000000002,238.0,0.2501365
208,6.064245810063507e-09,-3.33298665538732,4.1998,4.1995,4.199778333333332,9.211026988478975,890.0,180,4.1998,4.1998,0.0,890.0,180,1.003165,237.0,0.2507912499999999
209,5.781280788184622e-09,-3.4438170148259615,4.1998,4.1995,4.199779428571427,9.973737316795653,867.0,175,4.1998,4.1998,0.0,867.0,175,1.0020697777777778,236.0,0.2505174444444444
210,2.526410205305156e-09,-5.690949376247231,4.1998,4.1995,4.199791379310343,30.74013022042829,861.0,174,4.1998,4.1998,0.0,861.0,174,1.0039397777777777,235.0,0.2509849444444444
211,1.0374456721915365e-06,-13.434455479173693,4.1998,4.1861,4.199720994475137,180.6493255595483,897.0,181,4.1998,4.1861,-0.0137,897.0,181,1.002867,234.0,0.25071675
212,4.984355444311663e-09,-3.792380422637004,4.1998,4.1995,4.199782446808509,12.515183307708025,932.0,188,4.1998,4.1998,0.0,932.0,188,1.0058003333333334,233.0,0.2514500833333333
213,4.723756906083299e-09,-3.926000312499066,4.1998,4.1995,4.1997834254143624,13.56323487098288,900.0,181,4.1998,4.1998,0.0,900.0,181,1.004498777777778,232.0,0.2511246944444444
214,1.3229050279346276e-08,-1.6997885838595144,4.1998,4.1995,4.199746666666666,0.8991482317205568,890.0,180,4.1998,4.1998,0.0,890.0,180,1.0016666666666667,231.0,0.2504166666666667
215,5.812238389483106e-09,-3.431724043958602,4.1998,4.1995,4.199779310344827,9.890286025735785,863.0,174,4.1998,4.1998,0.0,863.0,174,1.0003443333333333,230.0,0.2500860833333333
216,3.783102143762648e-09,-4.500234215428845,4.1998,4.1995,4.1997868852459,18.453679557643696,906.0,183,4.1998,4.1998,0.0,906.0,183,1.0020594444444444,229.0,0.2505148611111111
217,2.470957912781632e-09,-5.760831790330261,4.1998,4.1995,4.199791573033707,31.541477065985827,882.0,178,4.1998,4.1998,0.0,882.0,178,1.0022886666666666,228.0,0.2505721666666666
218,1.966480446929852e-09,-6.537096304888527,4.1998,4.1995,4.199793333333332,41.19121249576168,892.0,180,4.1998,4.1998,0.0,892.0,180,1.0001371111111113,227.0,0.2500342777777778
219,1.4056523586928037e-08,-1.5744461433753236,4.1998,4.1995,4.199742307692307,0.4840790990196315,903.0,182,4.1995,4.1998,0.0003000000000001,903.0,182,1.0048294444444446,226.0,0.2512073611111111
220,5.027932960900191e-10,-13.379088160030724,4.1998,4.1995,4.199798324022344,178.9999999958699,889.0,179,4.1998,4.1998,0.0,889.0,179,1.0007641111111112,225.0,0.2501910277777778
221,1.6905405405426707e-08,-1.1725741576830933,4.1998,4.1995,4.199725405405404,-0.6320204150441371,919.0,185,4.1995,4.1998,0.0003000000000001,919.0,185,1.0055847777777778,224.0,0.2513961944444444
222,9.782021257443414e-10,-9.48596263615456,4.1998,4.1995,4.199796721311474,88.95561795862211,910.0,183,4.1998,4.1998,0.0,910.0,183,1.0029442222222222,223.0,0.2507360555555555
223,1.914218566394891e-09,-6.632048128862423,4.1998,4.1995,4.199793513513512,42.44281305083479,918.0,185,4.1998,4.1995,-0.0003000000000001,918.0,185,1.0054803333333333,222.0,0.2513700833333333
224,8.76692801141518e-09,-2.5350623110190496,4.1998,4.1995,4.199767391304347,4.475067043092645,913.0,184,4.1998,4.1998,0.0,913.0,184,1.001779,221.0,0.25044475
225,9.13880445796491e-09,-2.1683320582617247,4.2001,4.1995,4.199769841269839,4.714448065542777,935.0,189,4.1998,4.1998,0.0,935.0,189,1.0043945555555556,220.0,0.2510986388888889
226,5.660661603170775e-09,-3.4917737023819537,4.1998,4.1995,4.1997798882681545,10.307533238293829,890.0,179,4.1998,4.1998,0.0,890.0,179,1.001752,219.0,0.250438
227,9.475901328273404e-07,-13.604524372573188,4.1998,4.1865,4.199717647058822,185.69486439423977,929.0,187,4.1998,4.1865,-0.0133,929.0,187,1.0022806666666666,218.0,0.2505701666666666
228,1.885446533489745e-07,-13.550071821431604,4.1998,4.1939,4.199766486486485,184.0316655478171,916.0,185,4.1998,4.1939,-0.0058999999999995,916.0,185,0.9991998888888888,217.0,0.2497999722222222
229,5.2200112987323325e-09,-3.683086504622009,4.1998,4.1995,4.199781564245809,11.69568692076036,887.0,179,4.1998,4.1998,0.0,887.0,179,0.9949262222222224,216.0,0.2487315555555555
230,2.0330875024940903e-09,-6.42129852237927,4.1998,4.1995,4.1997931034482745,39.68916948599541,864.0,174,4.1998,4.1995,-0.0003000000000001,864.0,174,0.9941848888888888,215.0,0.2485462222222222
231,9.062772449880644e-09,-2.4662402760603124,4.1998,4.1995,4.199766129032257,4.126599463671981,925.0,186,4.1998,4.1998,0.0,925.0,186,0.992401,214.0,0.24810025
232,1.35251231527264e-08,-1.6551124908933208,4.1998,4.1995,4.199745142857142,0.7478129814567858,866.0,175,4.1998,4.1998,0.0,866.0,175,0.9906631111111112,213.0,0.2476657777777778
233,9.208690452473237e-09,-2.43555908044793,4.1998,4.1995,4.199765517241379,3.977536997861435,864.0,174,4.1998,4.1995,-0.0003000000000001,864.0,174,0.991472,212.0,0.247868
234,3.173071797537031e-30,0.0,4.1998,4.1998,4.199799999999998,0.0,892.0,180,4.1998,4.1998,0.0,892.0,180,0.9915471111111112,211.0,0.2478867777777778
235,4.945054945061174e-10,-13.490737563029004,4.1998,4.1995,4.19979835164835,181.9999999963074,902.0,182,4.1998,4.1998,0.0,902.0,182,0.9920912222222222,210.0,0.2480228055555555
236,9.61690243459411e-09,-2.345363871941263,4.1998,4.1995,4.199763736263735,3.539508316328851,904.0,182,4.1998,4.1995,-0.0003000000000001,904.0,182,0.9919841111111112,209.0,0.2479960277777778
237,1.0507814951993656e-08,-2.1660230603824093,4.1998,4.1995,4.199759776536312,2.72194505188562,888.0,179,4.1998,4.1998,0.0,888.0,179,0.9913506666666668,208.0,0.2478376666666666
238,2.021674876849839e-09,-6.440742932603409,4.1998,4.1995,4.199793142857142,39.93951978971501,869.0,175,4.1998,4.1998,0.0,869.0,175,0.9919725555555556,207.0,0.2479931388888888
239,1.2472471910112216e-06,-13.341664064124528,4.1998,4.1849,4.1997162921348306,177.99999999996754,884.0,178,4.1998,4.1849,-0.0148999999999999,884.0,178,0.9915504444444444,206.0,0.2478876111111111
240,1.924447612261869e-09,-6.613166970268065,4.1998,4.1995,4.199793478260868,42.192499948537325,911.0,184,4.1998,4.1998,0.0,911.0,184,0.9892072222222222,205.0,0.2473018055555555
241,4.188014101062857e-09,-4.230411056086912,4.1998,4.1995,4.199785405405404,16.07000012701411,916.0,185,4.1995,4.1998,0.0003000000000001,916.0,185,0.9887544444444444,204.0,0.2471886111111111
242,5.113636363642805e-10,13.266499161479157,4.2001,4.1998,4.199801704545454,176.00000000102983,873.0,176,4.1998,4.1998,0.0,873.0,176,0.9880235555555557,203.0,0.2470058888888888
243,4.903328682485747e-09,-3.8359066137537168,4.1998,4.1995,4.199782758620688,12.86189434842258,862.0,174,4.1998,4.1998,0.0,862.0,174,0.9907132222222222,202.0,0.2476783055555555
244,9.782021257443412e-10,-9.485962636154571,4.1998,4.1995,4.199796721311474,88.95561795862224,907.0,183,4.1998,4.1998,0.0,907.0,183,0.9926711111111112,201.0,0.2481677777777778
245,4.945054945061173e-10,13.490737563392472,4.2001,4.1998,4.199801648351647,182.00000000291777,901.0,182,4.1998,4.1998,0.0,901.0,182,0.9895698888888887,200.0,0.2473924722222222
246,9.835468399016703e-10,-9.459566361382672,4.1998,4.1995,4.199796703296702,88.45537036888952,904.0,182,4.1998,4.1998,0.0,904.0,182,0.9896413333333334,199.0,0.2474103333333333
247,7.931481927493868e-31,0.0,4.1998,4.1998,4.199799999999999,0.0,918.0,185,4.1998,4.1998,0.0,918.0,185,0.991738,198.0,0.2479345
248,4.6153846153904295e-10,-13.96424004349776,4.1998,4.1995,4.199798461538459,194.99999999489856,966.0,195,4.1998,4.1998,0.0,966.0,195,0.9972933333333333,197.0,0.2493233333333333
249,9.473150962524608e-10,-9.642821942876186,4.1998,4.1995,4.199796825396824,91.95704766914552,935.0,189,4.1998,4.1998,0.0,935.0,189,0.9938338888888888,196.0,0.2484584722222222
250,1.9040976460355286e-09,-6.650875618593679,4.1998,4.1995,4.199793548387095,42.69312276213739,923.0,186,4.1998,4.1998,0.0,923.0,186,0.9917554444444444,195.0,0.2479388611111111
251,5.275423728820207e-09,-3.658358231759967,4.1998,4.1995,4.199781355932203,11.513561635592648,879.0,177,4.1998,4.1995,-0.0003000000000001,879.0,177,0.9862133333333334,194.0,0.2465533333333333
252,9.418206056001204e-09,-2.388709855053473,4.1998,4.1995,4.199764606741573,3.747921959733304,883.0,178,4.1998,4.1998,0.0,883.0,178,0.9852186666666668,193.0,0.2463046666666666
253,1.2917525579059888e-06,-13.34098155315545,4.1998,4.1846,4.199706703910613,178.30813517982028,890.0,179,4.1998,4.1846,-0.0152000000000001,890.0,179,0.9870927777777778,192.0,0.2467731944444444
254,1.2523443008225863e-06,-13.453404939165594,4.1998,4.1846,4.199683783783783,182.2773881522425,916.0,185,4.1998,4.1846,-0.0152000000000001,916.0,185,0.9861466666666666,191.0,0.2465366666666666
255,5.516749821817358e-09,-3.55081629771836,4.1998,4.1995,4.199780434782608,10.724757960653116,912.0,184,4.1998,4.1998,0.0,912.0,184,0.9878093333333332,190.0,0.2469523333333333
256,1.826825490093643e-09,-6.799616809275468,4.1998,4.1995,4.199793814432988,44.69548472299165,960.0,194,4.1998,4.1998,0.0,960.0,194,0.9918688888888888,189.0,0.2479672222222222
257,5.9118683901367105e-09,-3.3900406876542117,4.1998,4.1995,4.199778918918918,9.596005038875203,915.0,185,4.1998,4.1998,0.0,915.0,185,0.9888752222222222,188.0,0.2472188055555555
258,2.8247602441186414e-09,-5.337794917719523,4.1998,4.1995,4.199790322580644,26.77991110286229,922.0,186,4.1998,4.1998,0.0,922.0,186,0.9882791111111112,187.0,0.2470697777777777
259,9.305977710244756e-09,-2.411385507315443,4.1998,4.1995,4.199765079365078,3.855468387867268,937.0,189,4.1998,4.1998,0.0,937.0,189,0.987222111111111,186.0,0.2468055277777777
260,7.986457590886754e-09,-2.729822991398177,4.1998,4.1995,4.199770652173912,5.511728414406402,913.0,184,4.1998,4.1998,0.0,913.0,184,0.9853451111111112,185.0,0.2463362777777777
261,3.2372496147915705e-07,-12.778614252049882,4.1998,4.1923,4.199725423728812,167.49105897437337,876.0,177,4.1998,4.1923,-0.0074999999999993,876.0,177,0.9834566666666668,184.0,0.2458641666666667
262,1.005708124892196e-06,-13.59057247003169,4.1998,4.1861,4.199712299465239,185.43712370918064,929.0,187,4.1998,4.1861,-0.0137,929.0,187,0.9892304444444444,183.0,0.2473076111111111
263,4.626909518219694e-09,-3.976569762422831,4.1998,4.1995,4.199783783783783,13.963960161446158,919.0,185,4.1998,4.1998,0.0,919.0,185,0.9857204444444444,182.0,0.2464301111111111
264,1.2568816821097842e-06,-13.51855004062335,4.1998,4.1846,4.199707608695651,183.15153111043873,915.0,184,4.1998,4.1846,-0.0152000000000001,915.0,184,0.9841636666666668,181.0,0.2460409166666666
265,4.6391752577378044e-10,-13.92838827708039,4.1998,4.1995,4.199798453608246,193.99999999805348,961.0,194,4.1998,4.1998,0.0,961.0,194,0.9822484444444444,180.0,0.2455621111111111
266,4.812834224604992e-10,13.674794331305367,4.2001,4.1998,4.199801604278074,187.00000000235943,928.0,187,4.1998,4.1998,0.0,928.0,187,0.9832873333333332,179.0,0.2458218333333333
267,3.1729738632222926e-30,0.0,4.1998,4.1998,4.199799999999998,0.0,897.0,181,4.1998,4.1998,0.0,897.0,181,0.9825657777777778,178.0,0.2456414444444444
268,4.812834224604996e-10,-13.674794331059823,4.1998,4.1995,4.199798395721924,186.99999999783404,926.0,187,4.1998,4.1998,0.0,926.0,187,0.9847917777777776,177.0,0.2461979444444444
269,9.782021257443412e-10,-9.485962636154571,4.1998,4.1995,4.199796721311474,88.9556179586223,907.0,183,4.1998,4.1998,0.0,907.0,183,0.9832385555555556,176.0,0.2458096388888888
270,3.1711423453660584e-30,0.0,4.1998,4.1998,4.199799999999998,0.0,1004.0,202,4.1998,4.1998,0.0,1004.0,202,0.9864883333333332,175.0,0.2466220833333333
271,7.931481927493868e-31,0.0,4.1998,4.1998,4.199799999999999,0.0,920.0,185,4.1998,4.1998,0.0,920.0,185,0.985922,174.0,0.2464805
272,4.2762430939280405e-09,-4.1775786525264165,4.1998,4.1995,4.1997850828729275,15.624699831871206,899.0,181,4.1998,4.1998,0.0,899.0,181,0.9880164444444444,173.0,0.2470041111111111
273,9.979233964018113e-09,-2.2676618634114964,4.1998,4.1995,4.199762121212119,3.1742525746813155,981.0,198,4.1998,4.1995,-0.0003000000000001,981.0,198,0.988917,172.0,0.24722925
274,2.172852753258359e-09,-6.179699511118508,4.1998,4.1995,4.199792610837437,36.54869169243933,1010.0,203,4.1998,4.1998,0.0,1010.0,203,0.9900036666666666,171.0,0.2475009166666666
275,7.99768183136331e-09,-2.723526917643188,4.1998,4.1995,4.1997705882352925,5.471143528847769,1012.0,204,4.1998,4.1998,0.0,1012.0,204,0.9844573333333332,170.0,0.2461143333333333
276,8.823529411775822e-10,1.8117092401885214e-10,4.2001,4.1995,4.199799999999998,101.99999999999996,1017.0,205,4.1998,4.1998,0.0,1017.0,205,0.9869674444444444,169.0,0.2467418611111111
277,9.136577708017792e-10,-9.822656960770829,4.1998,4.1995,4.199796938775509,95.45860346345704,971.0,196,4.1998,4.1998,0.0,971.0,196,0.9844614444444444,168.0,0.2461153611111111
278,4.500000000005671e-10,-14.142135623510828,4.1998,4.1995,4.199798499999998,199.9999999958073,994.0,200,4.1998,4.1998,0.0,994.0,200,0.983651,167.0,0.2459127499999999
279,4.73684210526913e-10,-13.784048751844676,4.1998,4.1995,4.19979842105263,189.99999999543937,945.0,190,4.1998,4.1998,0.0,945.0,190,0.9819637777777778,166.0,0.2454909444444444
280,3.130848532914334e-09,-5.028187821849926,4.1998,4.1995,4.199789230769229,23.523850043396273,965.0,195,4.1998,4.1998,0.0,965.0,195,0.980441888888889,165.0,0.2451104722222222
281,8.99954317040878e-10,-9.89872838437394,4.1998,4.1995,4.199796984924621,96.95923625719004,988.0,199,4.1998,4.1998,0.0,988.0,199,0.9827756666666668,164.0,0.2456939166666666
282,3.490178163549395e-09,-4.717178601391369,4.1998,4.1995,4.19978793969849,20.457283712817382,987.0,199,4.1998,4.1998,0.0,987.0,199,0.9794678888888888,163.0,0.2448669722222222
283,2.645043398815576e-09,-5.537072805983474,4.1998,4.1995,4.199790954773868,28.950043718688875,987.0,199,4.1998,4.1998,0.0,987.0,199,0.9791517777777776,162.0,0.2447879444444444
284,1.3104897131282815e-09,-8.123033932189298,4.1998,4.1995,4.199795588235292,64.61711539700254,1014.0,204,4.1998,4.1998,0.0,1014.0,204,0.9808374444444444,161.0,0.2452093611111111
285,1.1391888991855022e-06,-14.207177071125674,4.1998,4.1846,4.199717733990147,202.21489471837128,1007.0,203,4.1998,4.1846,-0.0152000000000001,1007.0,203,0.9771292222222222,160.0,0.2442823055555555
286,3.171625383042427e-30,0.0,4.1998,4.1998,4.199799999999998,0.0,971.0,196,4.1998,4.1998,0.0,971.0,196,0.9744817777777778,159.0,0.2436204444444444
287,4.45544554456007e-10,14.212670403745658,4.2001,4.1998,4.199801485148513,202.00000000370855,1004.0,202,4.1998,4.1998,0.0,1004.0,202,0.9761465555555556,158.0,0.2440366388888888
288,3.1709114817707344e-30,0.0,4.1998,4.1998,4.199799999999998,0.0,1018.0,205,4.1998,4.1998,0.0,1018.0,205,0.9751482222222222,157.0,0.2437870555555555
289,1.3233338259215727e-09,8.081884202534162,4.2001,4.1998,4.199804455445543,63.9499527802258,1002.0,202,4.1998,4.1998,0.0,1002.0,202,0.9743838888888888,156.0,0.2435959722222222
290,1.1385655757694157e-06,-14.231300223526498,4.1998,4.1846,4.199722167487684,202.68082105066043,1005.0,203,4.1998,4.1846,-0.0152000000000001,1005.0,203,0.9730091111111112,155.0,0.2432522777777777
291,4.2452830188732735e-10,-14.560219778320246,4.1998,4.1995,4.1997985849056585,211.99999999528077,1050.0,212,4.1998,4.1998,0.0,1050.0,212,0.9748035555555556,154.0,0.2437008888888889
292,1.1950749907986143e-06,-14.433687847864611,4.1998,4.184,4.199720095693778,208.54627760993225,1038.0,209,4.1998,4.184,-0.0157999999999995,1038.0,209,0.9691402222222222,153.0,0.2422850555555555
293,1.2978924934896772e-09,-8.163976061977287,4.1998,4.1995,4.19979563106796,65.28426828399003,1020.0,206,4.1998,4.1998,0.0,1020.0,206,0.9685867777777778,152.0,0.2421466944444444
294,4.5685279187874823e-10,-14.035668847373351,4.1998,4.1995,4.199798477157358,196.99999999537107,976.0,197,4.1998,4.1998,0.0,976.0,197,0.9646031111111112,151.0,0.2411507777777778
295,1.7219985792112623e-09,-7.01681268554812,4.1998,4.1995,4.19979417475728,47.69868146865529,1022.0,206,4.1998,4.1998,0.0,1022.0,206,0.9633904444444444,150.0,0.2408476111111111
296,1.1497382223039236e-06,-14.448737593729204,4.1998,4.1843,4.1997244019138735,208.8412072800972,1038.0,209,4.1998,4.1843,-0.0154999999999994,1038.0,209,0.9650432222222222,149.0,0.2412608055555555
297,3.932038834950978e-07,-14.352700094399848,4.1998,4.1908,4.19975631067961,205.9999999998555,1024.0,206,4.1998,4.1908,-0.0089999999999994,1024.0,206,0.963666888888889,148.0,0.2409167222222222
298,1.0334457726581068e-06,-14.644812749250471,4.2001,4.1849,4.199730697674417,214.6453110698145,1067.0,215,4.1998,4.1849,-0.0148999999999999,1067.0,215,0.962838,147.0,0.2407095
299,7.855770484676173e-08,-13.395603001399252,4.1998,4.1958,4.199764651162789,189.4036820362572,1066.0,215,4.1998,4.1958,-0.0039999999999995,1066.0,215,0.9611383333333332,146.0,0.2402845833333333
300,1.764179104479834e-09,-6.927142957449749,4.1998,4.1995,4.199794029850745,46.44739618638526,996.0,201,4.1998,4.1998,0.0,996.0,201,0.9582273333333334,145.0,0.2395568333333333
301,2.557423632491973e-09,-5.641459571405959,4.1998,4.1995,4.199791262135921,30.11839684111464,1025.0,206,4.1998,4.1998,0.0,1025.0,206,0.9594976666666668,144.0,0.2398744166666666
302,4.368932038840462e-10,-14.352700094086714,4.1998,4.1995,4.199798543689318,205.99999999380475,1023.0,206,4.1998,4.1998,0.0,1023.0,206,0.9614177777777778,143.0,0.2403544444444444
303,8.49018280298971e-10,-10.19733750323334,4.1998,4.1995,4.199797156398103,102.96158512665376,1050.0,211,4.1998,4.1998,0.0,1050.0,211,0.9618313333333331,142.0,0.2404578333333333
304,3.29857819905629e-09,-4.873558548245379,4.1998,4.1995,4.199788625592415,21.959640291044444,1046.0,211,4.1998,4.1998,0.0,1046.0,211,0.957030111111111,141.0,0.2392575277777777
305,2.0539013258013268e-09,-6.370972415389857,4.1998,4.1995,4.199793023255812,38.95155840609938,1066.0,215,4.1998,4.1998,0.0,1066.0,215,0.9581865555555557,140.0,0.2395466388888888
306,8.256528417829147e-10,-10.34340805425948,4.1998,4.1995,4.1997972350230395,105.962660895213,1076.0,217,4.1998,4.1998,0.0,1076.0,217,0.9570473333333334,139.0,0.2392618333333333
307,6.391944444442793e-08,-13.844133112712765,4.1998,4.1961,4.199771555555554,200.962524373525,1116.0,225,4.1998,4.1961,-0.0036999999999993,1116.0,225,0.9555066666666666,138.0,0.2388766666666666
308,7.999679692514885e-10,-10.511257176523134,4.1998,4.1995,4.19979732142857,109.46384221912268,1115.0,224,4.1998,4.1998,0.0,1115.0,224,0.9566543333333332,137.0,0.2391635833333333
309,1.3256563911772418e-06,-14.573835805600725,4.1998,4.183,4.199716901408449,212.59097765600504,1057.0,213,4.1998,4.183,-0.0167999999999999,1057.0,213,0.9544593333333332,136.0,0.2386148333333333
310,4.1284403669776797e-10,-14.764823059906163,4.1998,4.1995,4.199798623853209,217.99999999349808,1085.0,218,4.1998,4.1998,0.0,1085.0,218,0.9523873333333334,135.0,0.2380968333333333
311,1.1998545630847743e-09,-8.504022706692437,4.1998,4.1995,4.199795964125558,70.95471223734214,1108.0,223,4.1998,4.1998,0.0,1108.0,223,0.9496618888888888,134.0,0.2374154722222222
312,8.21883059232423e-10,-10.36755295965181,4.1998,4.1995,4.19979724770642,106.46283435959452,1082.0,218,4.1998,4.1998,0.0,1082.0,218,0.9508712222222222,133.0,0.2377178055555555
313,3.1703277889070854e-30,0.0,4.1998,4.1998,4.199799999999998,0.0,1055.0,213,4.1998,4.1998,0.0,1055.0,213,0.9485694444444444,132.0,0.2371423611111111
314,1.9903387550471447e-09,-6.479939260941422,4.1998,4.1995,4.199793243243241,40.353087441773496,1103.0,222,4.1998,4.1998,0.0,1103.0,222,0.944833111111111,131.0,0.2362082777777777
315,3.170614022907528e-30,0.0,4.1998,4.1998,4.199799999999998,0.0,1039.0,209,4.1998,4.1998,0.0,1039.0,209,0.9413661111111112,130.0,0.2353415277777777
316,5.626794258380295e-09,-3.499441919751711,4.1998,4.1995,4.199779999999999,10.344526397324069,1041.0,210,4.1995,4.1998,0.0003000000000001,1041.0,210,0.9433933333333332,129.0,0.2358483333333333
317,8.294573643421303e-10,-10.31920662575801,4.1998,4.1995,4.19979722222222,105.46248580432712,1072.0,216,4.1998,4.1998,0.0,1072.0,216,0.9454204444444444,128.0,0.2363551111111111
318,3.98230088496077e-10,-15.03329637816607,4.1998,4.1995,4.19979867256637,225.99999999581715,1120.0,226,4.1998,4.1998,0.0,1120.0,226,0.9444377777777778,127.0,0.2361094444444444
319,6.8204097021576435e-09,-3.063425893065212,4.1998,4.1995,4.199775342465752,7.452557149154677,1090.0,219,4.1998,4.1998,0.0,1090.0,219,0.9461376666666668,126.0,0.2365344166666666
320,4.035874439466966e-10,-14.933184522774628,4.1998,4.1995,4.199798654708518,222.99999999410423,1108.0,223,4.1998,4.1998,0.0,1108.0,223,0.9421723333333332,125.0,0.2355430833333333
321,1.651376146791072e-09,-3.5371692724297636,4.2001,4.1995,4.19979724770642,52.23982602732289,1083.0,218,4.1998,4.1998,0.0,1083.0,218,0.939668,124.0,0.234917
322,4.203571428576726e-09,-4.212144037770262,4.1998,4.1995,4.199785333333332,15.883268236175653,1118.0,225,4.1998,4.1998,0.0,1118.0,225,0.9459246666666666,123.0,0.2364811666666666
323,1.964285714288189e-09,-6.526081941713815,4.1998,4.1995,4.199793333333331,40.95371359836472,1117.0,225,4.1998,4.1998,0.0,1117.0,225,0.9395502222222224,122.0,0.2348875555555555
324,6.212364973577121e-09,-3.2696519696810817,4.1998,4.1995,4.19977772925764,8.767119047703966,1137.0,229,4.1998,4.1998,0.0,1137.0,229,0.942975777777778,121.0,0.2357439444444444
325,1.0257640153814537e-06,-15.50935343364788,4.1998,4.184,4.199718032786884,241.6521243932704,1213.0,244,4.1998,4.184,-0.0157999999999995,1213.0,244,0.9433383333333334,120.0,0.2358345833333333
326,6.318476757799687e-09,-3.230386041672383,4.1998,4.1995,4.199777310924368,8.50681140630251,1180.0,238,4.1998,4.1998,0.0,1180.0,238,0.94219,119.0,0.2355475
327,1.8821603928010614e-09,-6.677586719192668,4.1998,4.1995,4.199793617021275,42.955685246428025,1166.0,235,4.1998,4.1998,0.0,1166.0,235,0.9399254444444444,118.0,0.2349813611111111
328,2.601334294990657e-09,-5.580335219542478,4.1998,4.1995,4.199791101694913,29.38913851403982,1173.0,236,4.1998,4.1998,0.0,1173.0,236,0.9316808888888888,117.0,0.2329202222222222
329,3.1697216463179116e-30,0.0,4.1998,4.1998,4.199799999999998,0.0,1104.0,222,4.1998,4.1998,0.0,1104.0,222,0.930492,116.0,0.232623
330,1.1295859257684268e-09,-8.77416376549513,4.1998,4.1995,4.199796202531644,75.62407896864805,1178.0,237,4.1998,4.1998,0.0,1178.0,237,0.9356694444444444,115.0,0.2339173611111111
331,7.376798285898493e-10,-10.953884543087153,4.1998,4.1995,4.1997975308641955,118.96670167230896,1205.0,243,4.1998,4.1998,0.0,1205.0,243,0.9351994444444444,114.0,0.2337998611111111
332,6.823263692837509e-09,-3.060884933578272,4.1998,4.1995,4.199775324675323,7.433301296575266,1149.0,231,4.1998,4.1998,0.0,1149.0,231,0.9282853333333334,113.0,0.2320713333333333
333,1.1248803318810043e-09,-8.793141763827146,4.1998,4.1995,4.199796218487393,75.95759289594523,1183.0,238,4.1998,4.1998,0.0,1183.0,238,0.9288502222222222,112.0,0.2322125555555555
334,5.555877579418083e-09,-3.526157218095984,4.1998,4.1995,4.199780263157892,10.52604473211128,1134.0,228,4.1998,4.1998,0.0,1134.0,228,0.9271921111111112,111.0,0.2317980277777777
335,1.1103521554355217e-08,-2.047032637494959,4.1998,4.1995,4.199756967213112,2.20837721726856,1212.0,244,4.1995,4.1998,0.0003000000000001,1212.0,244,0.9289864444444444,110.0,0.2322466111111111
336,1.5315718764013923e-09,-7.4657380112800995,4.1998,4.1995,4.199794827586205,54.20446673777037,1153.0,232,4.1998,4.1998,0.0,1153.0,232,0.9284057777777778,109.0,0.2321014444444444
337,8.666369466078612e-09,-2.55120298250146,4.1998,4.1995,4.19976776859504,4.546140770682146,1203.0,242,4.1998,4.1998,0.0,1203.0,242,0.9267246666666666,108.0,0.2316811666666666
338,1.4996781806498191e-09,-7.549007178888825,4.1998,4.1995,4.199794936708859,55.45543294113357,1176.0,237,4.1998,4.1998,0.0,1176.0,237,0.9247912222222222,107.0,0.2311978055555555
339,1.1328715586667341e-09,-2.8874274929203976,4.2001,4.1995,4.199798744769873,78.10143214399743,1190.0,239,4.1998,4.1998,0.0,1190.0,239,0.9204522222222222,106.0,0.2301130555555555
340,1.525085096938432e-09,-7.482466038540293,4.1998,4.1995,4.199794849785406,54.45466331563377,1158.0,233,4.1998,4.1998,0.0,1158.0,233,0.9181691111111112,105.0,0.2295422777777777
341,1.1652096724823935e-06,-15.536761087972195,4.2001,4.183,4.199739506172837,241.93392826174505,1209.0,243,4.1998,4.183,-0.0167999999999999,1209.0,243,0.9192494444444445,104.0,0.2298123611111111
342,1.106443537602985e-09,8.868647382984483,4.2001,4.1998,4.199803719008262,77.29163355224854,1204.0,242,4.1998,4.1998,0.0,1204.0,242,0.9181774444444444,103.0,0.2295443611111111
343,1.771084337351629e-09,-6.8986036588568656,4.1998,4.1995,4.199793999999999,45.95834677030566,1242.0,250,4.1998,4.1998,0.0,1242.0,250,0.9192178888888888,102.0,0.2298044722222222
344,2.622977880491914e-09,-5.554674779662741,4.1998,4.1995,4.199791025641024,29.10309204190972,1161.0,234,4.1998,4.1998,0.0,1161.0,234,0.9137656666666668,101.0,0.2284414166666666
345,7.920163488418959e-31,0.0,4.1998,4.1998,4.199799999999999,0.0,1250.0,251,4.1998,4.1998,0.0,1250.0,251,0.9162511111111112,100.0,0.2290627777777777
346,1.4170517928304711e-09,-7.777415822187071,4.1998,4.1995,4.199795219123504,58.95793242056006,1247.0,251,4.1998,4.1998,0.0,1247.0,251,0.9190627777777778,99.0,0.2297656944444444
347,7.031032885604038e-10,11.224445366722808,4.2001,4.1998,4.199802352941174,124.96828571348289,1268.0,255,4.1998,4.1998,0.0,1268.0,255,0.9198987777777778,98.0,0.2299746944444444
348,3.5856573705224436e-10,-15.842979517586466,4.1998,4.1995,4.199798804780875,250.99999999641423,1247.0,251,4.1998,4.1998,0.0,1247.0,251,0.916645,97.0,0.2291612499999999
349,1.134331049406406e-09,-8.755144601236516,4.1998,4.1995,4.199796186440676,75.29056349589783,1174.0,236,4.1998,4.1998,0.0,1174.0,236,0.9087034444444444,96.0,0.2271758611111111
350,5.096385542175096e-09,-3.727873074557212,4.1998,4.1995,4.199781999999999,11.99291984234803,1243.0,250,4.1998,4.1998,0.0,1243.0,250,0.911665,95.0,0.22791625
351,1.373799048219384e-09,-7.904970385915493,4.1998,4.1995,4.1997953667953665,60.95923874163449,1289.0,259,4.1998,4.1998,0.0,1289.0,259,0.9091511111111112,94.0,0.2272877777777777
352,3.1674872988263526e-30,0.0,4.1998,4.1998,4.199799999999998,0.0,1308.0,263,4.1998,4.1998,0.0,1308.0,263,0.9111233333333332,93.0,0.2277808333333333
353,1.3899613899631415e-09,7.20248701467772e-11,4.2001,4.1995,4.199799999999999,63.23246764998639,1292.0,260,4.1998,4.1998,0.0,1292.0,260,0.913134777777778,92.0,0.2282836944444444
354,3.5156250000044295e-10,-15.9999999997611,4.1998,4.1995,4.199798828124998,255.99999999486337,1274.0,256,4.1998,4.1998,0.0,1274.0,256,0.9126003333333332,91.0,0.2281500833333333
355,7.920163488418959e-31,0.0,4.1998,4.1998,4.199799999999999,0.0,1248.0,251,4.1998,4.1998,0.0,1248.0,251,0.9065851111111112,90.0,0.2266462777777778
356,1.06709163346748e-09,-9.036227046272575,4.1998,4.1995,4.199796414342628,80.29314186873114,1246.0,251,4.1998,4.1998,0.0,1246.0,251,0.9071294444444444,89.0,0.2267823611111111
357,1.343053173243545e-09,-7.999300761584176,4.1998,4.1995,4.1997954716981125,62.46016645659054,1319.0,265,4.1998,4.1998,0.0,1319.0,265,0.9110498888888888,88.0,0.2277624722222222
358,2.340049256826628e-07,-15.808407954246311,4.2001,4.192,4.199757954545454,254.30072492224969,1313.0,264,4.1998,4.192,-0.0077999999999995,1313.0,264,0.9068203333333332,87.0,0.2267050833333333
359,4.602910602916402e-09,-3.9762461678313623,4.1998,4.1995,4.199783846153845,13.917535329288864,1294.0,260,4.1998,4.1998,0.0,1294.0,260,0.9059535555555556,86.0,0.2264883888888889
360,1.7105145012143304e-09,-7.027876131333185,4.1998,4.1995,4.1997942084942075,47.7597956044232,1287.0,259,4.1998,4.1998,0.0,1287.0,259,0.9020533333333332,85.0,0.2255133333333333
361,1.1846217838764525e-06,-16.18598798223412,4.1998,4.1821,4.199717358490566,262.9587691972091,1320.0,265,4.1998,4.1821,-0.0176999999999996,1320.0,265,0.8993817777777777,84.0,0.2248454444444444
362,1.2406585540441172e-07,-15.805294649835403,4.1998,4.1942,4.19977559055118,251.08669207236116,1264.0,254,4.1998,4.1942,-0.0055999999999993,1264.0,254,0.9016851111111112,83.0,0.2254212777777778
363,1.656199448529395e-07,-15.900915207869788,4.1998,4.1933,4.199772265624999,253.8155136312911,1275.0,256,4.1998,4.1933,-0.0064999999999999,1275.0,256,0.8990658888888889,82.0,0.2247664722222222
364,3.51562500000443e-10,16.000000000334012,4.2001,4.1998,4.199801171874998,256.00000000718165,1270.0,256,4.1998,4.1998,0.0,1270.0,256,0.8982345555555555,81.0,0.2245586388888888
365,1.0226375361950243e-09,-9.236916278069163,4.1998,4.1995,4.199796564885495,83.96151013636671,1303.0,262,4.1998,4.1998,0.0,1303.0,262,0.9029112222222222,80.0,0.2257278055555555
366,1.1027251493031807e-06,-16.51202886407871,4.1998,4.1824,4.199725818181817,273.40648499744384,1367.0,275,4.1998,4.1824,-0.0173999999999994,1367.0,275,0.9031752222222222,79.0,0.2257938055555555
367,1.128822615546732e-06,-16.266271382450864,4.1998,4.1824,4.199713011152415,266.0128119391679,1339.0,269,4.1998,4.1824,-0.0173999999999994,1339.0,269,0.9006256666666667,78.0,0.2251564166666666
368,3.296703296707451e-10,-16.522711641840978,4.1998,4.1995,4.199798901098901,272.99999999961545,1359.0,273,4.1998,4.1998,0.0,1359.0,273,0.9014116666666666,77.0,0.2253529166666666
369,6.617466174670085e-10,-11.575356384342134,4.1998,4.1995,4.199797785977858,132.9701773028981,1349.0,271,4.1998,4.1998,0.0,1349.0,271,0.9003715555555556,76.0,0.2250928888888889
370,6.382816471792486e-10,-11.789371195737724,4.1998,4.1995,4.1997978647686836,137.97124908566607,1395.0,281,4.1998,4.1998,0.0,1395.0,281,0.9007691111111112,75.0,0.2251922777777777
371,3.530359355642614e-09,-4.672278095826838,4.1998,4.1995,4.199787777777776,19.978117661720887,1344.0,270,4.1998,4.1998,0.0,1344.0,270,0.9002593333333333,74.0,0.2250648333333333
372,2.839428661124279e-09,-5.3024043628914805,4.1998,4.1995,4.199790252707581,26.30537518125836,1380.0,277,4.1998,4.1998,0.0,1380.0,277,0.8987572222222222,73.0,0.2246893055555555
373,1.026525198940285e-09,-9.218852441926268,4.1998,4.1995,4.199796551724137,83.6280280887301,1299.0,261,4.1998,4.1998,0.0,1299.0,261,0.8945393333333334,72.0,0.2236348333333333
374,9.05383770208724e-08,-16.556735664190633,4.1998,4.1948,4.199780866425992,274.9965720177674,1378.0,277,4.1998,4.1948,-0.0049999999999998,1378.0,277,0.8912893333333334,71.0,0.2228223333333333
375,1.0747073521616622e-06,-16.748968798660968,4.1998,4.1824,4.199731914893617,281.0033534510191,1405.0,282,4.1998,4.1824,-0.0173999999999994,1405.0,282,0.8924114444444444,70.0,0.2231028611111111
376,1.6067193675909575e-09,-7.26578117767021,4.1998,4.1995,4.19979456521739,51.16227430747755,1372.0,276,4.1998,4.1998,0.0,1372.0,276,0.8900615555555556,69.0,0.2225153888888889
377,0.0,0.0,4.1998,4.1998,4.1998,0.0,1412.0,284,4.1998,4.1998,0.0,1412.0,284,0.8899057777777778,68.0,0.2224764444444444
378,1.991771882539039e-09,-6.467422688275399,4.1998,4.1995,4.199793233082706,40.12923158858268,1321.0,266,4.1998,4.1998,0.0,1321.0,266,0.8849581111111111,67.0,0.2212395277777777
379,2.8494071146280963e-09,-5.291918483168395,4.1998,4.1995,4.199790217391303,26.19416633163566,1373.0,276,4.1998,4.1998,0.0,1373.0,276,0.8870232222222222,66.0,0.2217558055555555
380,9.063527713174167e-09,-2.4560634269525763,4.1998,4.1995,4.199766058394161,4.061843365706256,1360.0,274,4.1998,4.1998,0.0,1360.0,274,0.8830011111111111,65.0,0.2207502777777777
381,7.744987901841764e-09,-2.7843470417729215,4.1998,4.1995,4.19977159090909,5.796444560836301,1313.0,264,4.1998,4.1998,0.0,1313.0,264,0.879920111111111,64.0,0.2199800277777777
382,2.921267269603636e-09,-5.217927834952397,4.1998,4.1995,4.199789962825277,25.415684846879937,1340.0,269,4.1998,4.1998,0.0,1340.0,269,0.8821678888888889,63.0,0.2205419722222222
383,9.711462450605122e-10,-9.486196978053233,4.1998,4.1995,4.199796739130434,88.63014475399046,1373.0,276,4.1998,4.1998,0.0,1373.0,276,0.880974,62.0,0.2202435
384,1.4413284132859493e-08,-1.5141716308149609,4.1998,4.1995,4.199740221402213,0.2948370374423068,1348.0,271,4.1998,4.1998,0.0,1348.0,271,0.8770226666666666,61.0,0.2192556666666666
385,1.2201666431310392e-09,-8.41069768287245,4.1998,4.1995,4.199795890410958,69.21386717932793,1454.0,292,4.1998,4.1998,0.0,1454.0,292,0.8737823333333333,60.0,0.2184455833333333
386,7.916288382217873e-31,0.0,4.1998,4.1998,4.199799999999999,0.0,1422.0,286,4.1998,4.1998,0.0,1422.0,286,0.8707736666666667,59.0,0.2176934166666666
387,3.2608695652215004e-10,16.613247725920708,4.2001,4.1998,4.199801086956521,276.0000000018867,1371.0,276,4.1998,4.1998,0.0,1371.0,276,0.8699779999999999,58.0,0.2174944999999999
388,3.2258064516169656e-10,-16.703293088508275,4.1998,4.1995,4.199798924731183,279.00000000040905,1390.0,279,4.1998,4.1998,0.0,1390.0,279,0.868552,57.0,0.217138
389,4.935714619670532e-09,-3.800607397008523,4.1998,4.1995,4.199782593856654,12.530101534907738,1460.0,293,4.1998,4.1998,0.0,1460.0,293,0.8686218888888889,56.0,0.2171554722222222
390,3.985256736151436e-09,-4.343392525214799,4.1998,4.1995,4.19978612099644,16.98590699649557,1398.0,281,4.1998,4.1998,0.0,1398.0,281,0.8679765555555556,55.0,0.2169941388888889
391,1.1825013686373334e-08,-1.917464763023009,4.1998,4.1995,4.199753521126761,1.688512577152315,1413.0,284,4.1998,4.1998,0.0,1413.0,284,0.8695428888888889,54.0,0.2173857222222222
392,6.307690309853932e-09,-3.2298993893021692,4.1998,4.1995,4.199777338129495,8.493302603172877,1381.0,278,4.1998,4.1995,-0.0003000000000001,1381.0,278,0.8679586666666667,53.0,0.2169896666666666
393,8.155024367612968e-09,-2.674445284009135,4.1998,4.1995,4.199769892473118,5.189809901858806,1388.0,279,4.1998,4.1998,0.0,1388.0,279,0.8663818888888889,52.0,0.2165954722222222
394,2.0329024024882735e-08,-0.669839346500244,4.1998,4.1995,4.199697397769516,-1.56299181545787,1335.0,269,4.1995,4.1995,0.0,1335.0,269,0.8657717777777777,51.0,0.2164429444444444
395,9.527256037294873e-09,-2.3528395559913173,4.1998,4.1995,4.19976404109589,3.560192353892184,1452.0,292,4.1998,4.1998,0.0,1452.0,292,0.8674071111111111,50.0,0.2168517777777777
396,2.183460023306308e-08,0.3725919357498345,4.1998,4.1995,4.199622676579925,-1.8751729285618888,1338.0,269,4.1998,4.1995,-0.0003000000000001,1338.0,269,0.8609653333333334,49.0,0.2152413333333333
397,1.6375253549716376e-08,-1.237309473990189,4.1998,4.1995,4.199728620689655,-0.4723708011164369,1443.0,290,4.1998,4.1998,0.0,1443.0,290,0.8664267777777779,48.0,0.2166066944444444
398,1.7208302446278173e-08,-1.123260803281714,4.1998,4.1995,4.199723157894737,-0.7435526304942086,1418.0,285,4.1995,4.1998,0.0003000000000001,1418.0,285,0.8630338888888889,47.0,0.2157584722222222
399,6.4965548572808435e-09,-3.163724264833419,4.1998,4.1995,4.199776595744681,8.066310060987096,1400.0,282,4.1998,4.1998,0.0,1400.0,282,0.863026,46.0,0.2157565
400,1.286685753271078e-06,-16.858594534091555,4.1998,4.1806,4.199718466898954,285.1142516717027,1429.0,287,4.1998,4.1806,-0.0191999999999996,1429.0,287,0.8598477777777778,45.0,0.2149619444444444
401,8.755374351382418e-09,-2.5264012196467953,4.1998,4.1995,4.199767368421052,4.413627290527338,1418.0,285,4.1998,4.1995,-0.0003000000000001,1418.0,285,0.860362,44.0,0.2150905
402,4.7077914330091514e-09,-3.916876386657627,4.1998,4.1995,4.199783448275862,13.4345270217629,1443.0,290,4.1998,4.1998,0.0,1443.0,290,0.858709,43.0,0.21467725
403,1.2269354099878036e-08,-1.842438794857676,4.1998,4.1995,4.199751351351351,1.404021754002139,1473.0,296,4.1998,4.1998,0.0,1473.0,296,0.858129,42.0,0.21453225
404,8.630109312933146e-09,-2.5551977672916046,4.1998,4.1995,4.199767892976588,4.559489679913142,1487.0,299,4.1998,4.1998,0.0,1487.0,299,0.8584523333333333,41.0,0.2146130833333333
405,3.917678412797356e-09,-4.385745917709812,4.1998,4.1995,4.199786363636363,17.347372610211877,1534.0,308,4.1998,4.1998,0.0,1534.0,308,0.8587331111111112,40.0,0.2146832777777778
406,4.488352027615663e-09,-4.034575224725802,4.1998,4.1995,4.199784262295081,14.371998750136818,1516.0,305,4.1998,4.1998,0.0,1516.0,305,0.8542356666666667,39.0,0.2135589166666666
407,5.547145328726712e-09,-3.522721479321482,4.1998,4.1995,4.199780276816609,10.482060515536284,1440.0,289,4.1995,4.1998,0.0003000000000001,1440.0,289,0.8534168888888889,38.0,0.2133542222222222
408,5.203264793602537e-09,-3.674995999522504,4.1998,4.1995,4.199781588447654,11.589222157988711,1377.0,277,4.1998,4.1998,0.0,1377.0,277,0.8474773333333334,37.0,0.2118693333333333
409,3.157894736846084e-10,-16.8819430159344,4.1998,4.1995,4.19979894736842,284.999999995472,1418.0,285,4.1998,4.1998,0.0,1418.0,285,0.8503122222222222,36.0,0.2125780555555555
410,4.1222991103003514e-09,-4.2536076991227825,4.1998,4.1995,4.199785616438356,16.204121125997553,1452.0,292,4.1998,4.1998,0.0,1452.0,292,0.8495681111111111,35.0,0.2123920277777777
411,6.019930852153201e-10,-12.144541483466096,4.1998,4.1995,4.19979798657718,146.47290449075118,1481.0,298,4.1998,4.1998,0.0,1481.0,298,0.8528020000000001,34.0,0.2132005
412,3.6053054662424855e-09,-4.609507866800457,4.1998,4.1995,4.199787499999999,19.37170168426449,1552.0,312,4.1998,4.1998,0.0,1552.0,312,0.8488303333333334,33.0,0.2122075833333333
413,7.181842547705257e-09,-2.943789832298646,4.1998,4.1995,4.199773867595818,6.712628885304037,1425.0,287,4.1998,4.1998,0.0,1425.0,287,0.8454874444444445,32.0,0.2113718611111111
414,3.149101094323926e-09,-4.991948757624762,4.1998,4.1995,4.199789144736842,23.071297117563937,1514.0,304,4.1998,4.1998,0.0,1514.0,304,0.8462953333333334,31.0,0.2115738333333333
415,1.3482239415994602e-06,-17.351270095597215,4.1998,4.1796,4.199723432343233,301.6933441055189,1508.0,303,4.1998,4.1796,-0.0201999999999999,1508.0,303,0.8465458888888888,30.0,0.2116364722222222
416,1.730216516576236e-09,-6.9757868927814775,4.1998,4.1995,4.199794136807817,46.96754419406089,1526.0,307,4.1998,4.1998,0.0,1526.0,307,0.8456262222222222,29.0,0.2114065555555555
417,8.416717510687846e-09,-2.6071749276404534,4.1998,4.1995,4.199768791946308,4.8297309417473535,1484.0,298,4.1998,4.1998,0.0,1484.0,298,0.8428083333333333,28.0,0.2107020833333333
418,8.127090301013584e-09,-2.680085750649765,4.1998,4.1995,4.199769999999999,5.217599811111759,1493.0,300,4.1998,4.1998,0.0,1493.0,300,0.8413741111111112,27.0,0.2103435277777778
419,3.489932885910438e-09,-4.70079777846669,4.1998,4.1995,4.199787919463087,20.233251259643907,1481.0,298,4.1998,4.1998,0.0,1481.0,298,0.8381967777777778,26.0,0.2095491944444444
420,5.874125874133274e-09,-3.390520678705267,4.1998,4.1995,4.19977902097902,9.562453341791583,1422.0,286,4.1998,4.1998,0.0,1422.0,286,0.8391041111111112,25.0,0.2097760277777778
421,1.919951239336024e-09,-6.589870699251988,4.1998,4.1995,4.199793478260869,41.685276906683434,1604.0,322,4.1998,4.1998,0.0,1604.0,322,0.8434518888888889,24.0,0.2108629722222222
422,1.4261155309581745e-06,-17.122295034311932,4.1998,4.1793,4.19972033898305,293.76537433689754,1469.0,295,4.1998,4.1793,-0.0205000000000001,1469.0,295,0.8399284444444445,23.0,0.2099821111111111
423,5.844031423651739e-10,-12.32842997190846,4.1998,4.1995,4.199798045602605,150.97370599116513,1527.0,307,4.1998,4.1998,0.0,1527.0,307,0.8366555555555556,22.0,0.2091638888888889
424,2.2673531267198547e-09,-4.459422185642736,4.2001,4.1995,4.199794267515923,35.75752440265432,1561.0,314,4.1998,4.1998,0.0,1561.0,314,0.8384011111111112,21.0,0.2096002777777778
425,1.68698817106673e-09,-7.070718167257536,4.1998,4.1995,4.199794285714286,48.30169861181358,1567.0,315,4.1998,4.1998,0.0,1567.0,315,0.8359943333333333,20.0,0.2089985833333333
426,8.851878565351131e-10,-9.949321957016783,4.1998,4.1995,4.199797029702969,97.6334228116898,1510.0,303,4.1998,4.1998,0.0,1510.0,303,0.8361702222222223,19.0,0.2090425555555555
427,7.914221419262749e-31,0.0,4.1998,4.1998,4.199799999999999,0.0,1535.0,309,4.1998,4.1998,0.0,1535.0,309,0.831398,18.0,0.2078495
428,3.071672354952675e-10,17.117242768689533,4.2001,4.1998,4.199801023890784,293.0000000015128,1460.0,293,4.1998,4.1998,0.0,1460.0,293,0.8300281111111111,17.0,0.2075070277777777
429,5.660377358497699e-10,1.1270243371746879e-10,4.2001,4.1995,4.199799999999999,159.0,1590.0,319,4.1998,4.1998,0.0,1590.0,319,0.8342076666666667,16.0,0.2085519166666666
430,3.0000000000037797e-10,-17.32050807550965,4.1998,4.1995,4.199798999999999,299.99999999583554,1492.0,300,4.1998,4.1998,0.0,1492.0,300,0.8295062222222223,15.0,0.2073765555555555
431,1.4420026227861983e-09,-7.693661367762179,4.1998,4.1995,4.199795129870129,57.566197321096666,1532.0,308,4.1998,4.1998,0.0,1532.0,308,0.8274941111111112,14.0,0.2068735277777778
432,5.71416943082871e-10,-12.469579194569686,4.1998,4.1995,4.199798089171973,154.4742973351739,1561.0,314,4.1998,4.1998,0.0,1561.0,314,0.8275884444444445,13.0,0.2068971111111111
433,1.199836199837711e-09,-8.484692378325844,4.1998,4.1995,4.199795959595959,70.46447832071073,1479.0,297,4.1998,4.1998,0.0,1479.0,297,0.8219378888888889,12.0,0.2054844722222222
434,1.188118811882685e-09,7.781523997812715e-11,4.2001,4.1995,4.199799999999999,74.23503333259991,1515.0,304,4.1998,4.1998,0.0,1515.0,304,0.8206441111111111,11.0,0.2051610277777777
435,4.235604481506117e-09,-4.182222893387301,4.1998,4.1995,4.199785197368421,15.593536185043297,1515.0,304,4.1998,4.1998,0.0,1515.0,304,0.8242537777777779,10.0,0.2060634444444444
436,1.6817359855355722e-09,-7.082495082095638,4.1998,4.1995,4.199794303797468,48.46846500278285,1574.0,316,4.1998,4.1998,0.0,1574.0,316,0.8218118888888889,9.0,0.2054529722222222
437,8.307213045411695e-10,-10.27892767576872,4.1998,4.1995,4.19979721362229,104.3021619437708,1607.0,323,4.1998,4.1998,0.0,1607.0,323,0.8228242222222223,8.0,0.2057060555555555
438,2.8391167192464776e-10,-17.804493814537466,4.1998,4.1995,4.199799053627759,316.9999999945675,1579.0,317,4.1998,4.1998,0.0,1579.0,317,0.8194779999999999,7.0,0.2048694999999999
439,5.589953271035079e-10,-12.609148083279385,4.1998,4.1995,4.1997981308411205,157.97486266684356,1598.0,321,4.1998,4.1998,0.0,1598.0,321,0.8204815555555556,6.0,0.2051203888888889
440,2.380792050379733e-09,-5.850274324941824,4.1998,4.1995,4.1997918674698775,32.4209839643635,1654.0,332,4.1998,4.1998,0.0,1654.0,332,0.8215655555555555,5.0,0.2053913888888889
441,2.7272727272761637e-10,-18.1659021243995,4.1998,4.1995,4.19979909090909,329.99999999548083,1644.0,330,4.1998,4.1998,0.0,1644.0,330,0.8173426666666667,4.0,0.2043356666666666
442,7.913652255550468e-31,0.0,4.1998,4.1998,4.199799999999999,0.0,1574.0,316,4.1998,4.1998,0.0,1574.0,316,0.8132843333333333,3.0,0.2033210833333333
443,2.5423728813591356e-10,18.814887722466526,4.2001,4.1998,4.199800847457626,354.00000000604877,1760.0,354,4.1998,4.1998,0.0,1760.0,354,0.8064403333333333,2.0,0.2016100833333333
444,2.812500000003545e-10,-17.88854381994485,4.1998,4.1995,4.1997990624999995,319.99999999871693,1592.0,320,4.1998,4.1998,0.0,1592.0,320,0.8003956666666666,1.0,0.2000989166666666
445,6.239159862946227e-09,-3.251906595089697,4.1998,4.1995,4.199777597402596,8.630900191312952,1531.0,308,4.1998,4.1998,0.0,1531.0,308,0.799467,0.0,0.19986675
446,7.913107838086547e-31,0.0,4.1998,4.1998,4.199799999999999,0.0,1606.0,323,4.1998,4.1998,0.0,1606.0,323,0.8003607777777778,-1.0,0.2000901944444444
447,9.930159724409632e-09,-2.267672879343326,4.1998,4.1995,4.199762258064515,3.162703493553854,1542.0,310,4.1998,4.1995,-0.0003000000000001,1542.0,310,0.7953931111111111,-2.0,0.1988482777777777
448,6.937676166623213e-09,-3.017055033177317,4.1998,4.1995,4.1997748387096765,7.148700928509994,1543.0,310,4.1998,4.1998,0.0,1543.0,310,0.7922217777777778,-3.0,0.1980554444444444
449,3.754571312479335e-09,-4.498196549122084,4.1998,4.1995,4.199786956521739,18.347696548115938,1604.0,322,4.1998,4.1998,0.0,1604.0,322,0.7936901111111111,-4.0,0.1984225277777777
450,2.8834255942726007e-09,-5.249274397564662,4.1998,4.1995,4.199790090090088,25.709258272776506,1660.0,333,4.1995,4.1998,0.0003000000000001,1660.0,333,0.7971862222222222,-5.0,0.1992965555555555
451,1.4467535934639066e-06,-18.507935109008855,4.1998,4.1775,4.199728197674418,343.0172029882384,1713.0,344,4.1998,4.1775,-0.0222999999999995,1713.0,344,0.7928601111111111,-6.0,0.1982150277777777
452,5.970873786415289e-09,-3.351273000362347,4.1998,4.1995,4.199778640776698,9.291126699163105,1536.0,309,4.1998,4.1995,-0.0003000000000001,1536.0,309,0.788544,-7.0,0.197136
453,4.25052400823565e-09,-4.171458953212424,4.1998,4.1995,4.199785139318884,15.49698977674118,1606.0,323,4.1998,4.1995,-0.0003000000000001,1606.0,323,0.790560888888889,-8.0,0.1976402222222222
454,9.396876995426016e-09,-2.379110493358883,4.1998,4.1995,4.199764596273292,3.683004285555908,1603.0,322,4.1995,4.1998,0.0003000000000001,1603.0,322,0.7889528888888889,-9.0,0.1972382222222222
455,7.913415998915182e-31,0.0,4.1998,4.1998,4.199799999999999,0.0,1588.0,319,4.1998,4.1998,0.0,1588.0,319,0.7876732222222222,-10.0,0.1969183055555555
456,5.66026434533317e-10,-12.52958484835948,4.1998,4.1995,4.1997981072555195,155.9745427043454,1579.0,317,4.1998,4.1998,0.0,1579.0,317,0.7869023333333334,-11.0,0.1967255833333333
457,2.7190332326318255e-10,-18.193405398460857,4.1998,4.1995,4.199799093655588,330.99999999513346,1648.0,331,4.1998,4.1998,0.0,1648.0,331,0.7870847777777777,-12.0,0.1967711944444444
458,1.2597507687343922e-08,-1.7872850778994411,4.1998,4.1995,4.199749700598802,1.201547006573381,1664.0,334,4.1998,4.1995,-0.0003000000000001,1664.0,334,0.787079,-13.0,0.19676975
459,1.919951239336024e-09,-6.589870699251988,4.1998,4.1995,4.199793478260869,41.685276906683434,1604.0,322,4.1998,4.1998,0.0,1604.0,322,0.7851434444444444,-14.0,0.1962858611111111
460,5.2591861612651154e-09,-3.6455336617549983,4.1998,4.1995,4.199781366459626,11.360440084424122,1601.0,322,4.1998,4.1998,0.0,1601.0,322,0.7819556666666666,-15.0,0.1954889166666666
461,1.2507836990611369e-08,-1.8023971401444192,4.1998,4.1995,4.199750156739811,1.2564737523370808,1590.0,319,4.1998,4.1998,0.0,1590.0,319,0.779359888888889,-16.0,0.1948399722222222
462,4.646280011862391e-09,-3.944568291120071,4.1998,4.1995,4.199783667621776,13.637740596253357,1737.0,349,4.1998,4.1998,0.0,1737.0,349,0.7826156666666667,-17.0,0.1956539166666666
463,5.4252265435988885e-09,-3.5716904682229793,4.1998,4.1995,4.199780733944953,10.82313305178402,1630.0,327,4.1998,4.1998,0.0,1630.0,327,0.7761506666666667,-18.0,0.1940376666666666
464,2.599088596866352e-09,-5.56833259897088,4.1998,4.1995,4.199791097922848,29.17946757973546,1676.0,337,4.1998,4.1998,0.0,1676.0,337,0.7764388888888889,-19.0,0.1941097222222222
465,4.164686377457582e-09,-4.223500246956651,4.1998,4.1995,4.199785454545454,15.934491950320131,1641.0,330,4.1998,4.1998,0.0,1641.0,330,0.7722344444444444,-20.0,0.1930586111111111
466,5.102131661441873e-07,-17.43100207256168,4.1998,4.1871,4.199727499999999,308.96530938870103,1592.0,320,4.1998,4.1871,-0.0126999999999997,1592.0,320,0.7700744444444445,-21.0,0.1925186111111111
467,2.380792050379734e-09,-5.850274324996762,4.1998,4.1995,4.199791867469878,32.42098396479463,1652.0,332,4.1998,4.1998,0.0,1652.0,332,0.7691808888888889,-22.0,0.1922952222222222
468,5.708750065462501e-09,-3.4521404720274473,4.1998,4.1995,4.199779646017698,9.976095979359798,1688.0,339,4.1998,4.1998,0.0,1688.0,339,0.7695607777777778,-23.0,0.1923901944444444
469,1.7118300854175718e-06,-18.36643884842113,4.1998,4.1756,4.19969358600583,339.17172623807113,1708.0,343,4.1995,4.1756,-0.0238999999999993,1708.0,343,0.7683603333333333,-24.0,0.1920900833333333
470,1.645315635130951e-08,-1.2244406172356508,4.1998,4.1995,4.199728070175438,-0.5037252867263029,1700.0,342,4.1998,4.1998,0.0,1700.0,342,0.7681856666666667,-25.0,0.1920464166666666
471,2.1518854183551956e-08,-0.4435127364663747,4.1998,4.1995,4.19968233532934,-1.814196062167909,1662.0,334,4.1995,4.1998,0.0003000000000001,1662.0,334,0.768127,-26.0,0.19203175
472,1.6756570580775672e-08,-1.1829870431788647,4.1998,4.1995,4.1997261127596435,-0.604162579925863,1677.0,337,4.1995,4.1998,0.0003000000000001,1677.0,337,0.7697557777777778,-27.0,0.1924389444444444
473,8.960957834472512e-09,-2.4753195074329817,4.1998,4.1995,4.1997664705882345,4.151593521282452,1694.0,340,4.1998,4.1998,0.0,1694.0,340,0.7669243333333334,-28.0,0.1917310833333333
474,2.0211736406380353e-08,-0.6861320513720207,4.1998,4.1995,4.199698475609755,-1.5386422425593844,1633.0,328,4.1998,4.1998,0.0,1633.0,328,0.760963111111111,-29.0,0.1902407777777777
475,2.2427199191130384e-08,0.1576897187740698,4.1998,4.1995,4.199638260869565,-1.9866848650371016,1716.0,345,4.1998,4.1998,0.0,1716.0,345,0.7614938888888889,-30.0,0.1903734722222222
476,1.9245811590246722e-08,-0.8347587167959587,4.1998,4.1995,4.19970755287009,-1.3111369279484084,1646.0,331,4.1998,4.1998,0.0,1646.0,331,0.7569394444444445,-31.0,0.1892348611111111
477,2.066413662241693e-08,-0.6094640858374326,4.1998,4.1995,4.1996935483870965,-1.6381963849619097,1696.0,341,4.1998,4.1995,-0.0003000000000001,1696.0,341,0.7596502222222221,-32.0,0.1899125555555555
478,1.3126739926756464e-08,-1.7031121394101991,4.1998,4.1995,4.199747008547008,0.9057192764724712,1750.0,351,4.1995,4.1995,0.0,1750.0,351,0.7557480000000001,-33.0,0.188937
479,1.5484566665472864e-08,-1.3588475352700806,4.1998,4.1995,4.199734036144577,-0.1545005188697663,1654.0,332,4.1998,4.1998,0.0,1654.0,332,0.7517127777777778,-34.0,0.1879281944444444
480,6.1049744236121105e-09,-3.299422240591824,4.1998,4.1995,4.19977811550152,8.94050060885521,1636.0,329,4.1998,4.1998,0.0,1636.0,329,0.7505947777777777,-35.0,0.1876486944444444
481,2.1609268168490114e-06,-18.247026116958263,4.1998,4.1728,4.199678402366863,334.5993470148273,1684.0,338,4.1998,4.1728,-0.0270000000000001,1684.0,338,0.7506788888888889,-36.0,0.1876697222222222
482,4.228513650156996e-09,-4.183055774523191,4.1998,4.1995,4.1997852173913035,15.588290331566975,1718.0,345,4.1998,4.1998,0.0,1718.0,345,0.7524066666666667,-37.0,0.1881016666666666
483,8.313782991212823e-09,-2.630216544764042,4.1998,4.1995,4.199769208211142,4.9470198509172825,1696.0,341,4.1998,4.1998,0.0,1696.0,341,0.7477542222222222,-38.0,0.1869385555555555
484,2.343938157199708e-06,-18.790914426352835,4.1998,4.171,4.199711864406779,353.392994414945,1762.0,354,4.1998,4.171,-0.0287999999999994,1762.0,354,0.7483662222222222,-39.0,0.1870915555555555
485,3.406207085969687e-09,-4.765293692841679,4.1998,4.1995,4.199788217522658,20.83387409901034,1647.0,331,4.1998,4.1998,0.0,1647.0,331,0.7441005555555555,-40.0,0.1860251388888888
486,6.1491410723658955e-09,-3.2824288720779093,4.1998,4.1995,4.199777941176469,8.826224463940532,1694.0,340,4.1998,4.1998,0.0,1694.0,340,0.7436747777777778,-41.0,0.1859186944444444
487,4.205327247594044e-09,-4.197073730952594,4.1998,4.1995,4.199785302593658,15.705920129906724,1728.0,347,4.1998,4.1998,0.0,1728.0,347,0.7410417777777777,-42.0,0.1852604444444444
488,4.321121707115254e-09,-4.126669467575191,4.1998,4.1995,4.199784873949579,15.114043264741683,1779.0,357,4.1998,4.1998,0.0,1779.0,357,0.7425721111111111,-43.0,0.1856430277777777
489,7.718662952655967e-09,-2.7851593050557897,4.1998,4.1995,4.199771666666666,5.789244370363394,1794.0,360,4.1998,4.1998,0.0,1794.0,360,0.7407665555555556,-44.0,0.1851916388888889
490,9.999055802108718e-10,-9.326932475211738,4.1998,4.1995,4.199796638655461,85.47047163076108,1777.0,357,4.1998,4.1998,0.0,1777.0,357,0.7380805555555555,-45.0,0.1845201388888888
491,7.57718817865179e-10,-3.5645896265054553,4.2001,4.1995,4.199799159663865,117.43798049132816,1777.0,357,4.1998,4.1998,0.0,1777.0,357,0.7432471111111112,-46.0,0.1858117777777778
492,6.486609860020346e-09,-3.1611149578431332,4.1998,4.1995,4.199776612903225,8.035822767637834,1853.0,372,4.1998,4.1998,0.0,1853.0,372,0.7422575555555555,-47.0,0.1855643888888888
493,1.4282625616207562e-09,-7.724146830490349,4.1998,4.1995,4.199795174262733,57.973268536928664,1859.0,373,4.1998,4.1998,0.0,1859.0,373,0.7420861111111111,-48.0,0.1855215277777777
494,3.955833882668136e-09,-4.355055464874345,4.1998,4.1995,4.199786216216215,17.058689286272024,1845.0,370,4.1995,4.1998,0.0003000000000001,1845.0,370,0.7372584444444444,-49.0,0.1843146111111111
495,4.836829836835933e-09,-3.8452749606418792,4.1998,4.1995,4.199782954545454,12.859171806307334,1750.0,352,4.1998,4.1998,0.0,1750.0,352,0.7340678888888889,-50.0,0.1835169722222222
496,1.779042035180618e-09,-6.865916506950136,4.1998,4.1995,4.19979396551724,45.40171004531371,1734.0,348,4.1998,4.1998,0.0,1734.0,348,0.7298184444444444,-51.0,0.1824546111111111
497,7.641523023008616e-10,-3.5489731478646394,4.2001,4.1995,4.199799152542372,116.43792543919731,1764.0,354,4.1998,4.1998,0.0,1764.0,354,0.7263864444444444,-52.0,0.1815966111111111
498,2.7397965116278184e-06,-18.54723699098981,4.1998,4.1691,4.199710755813952,343.9999999999602,1711.0,344,4.1998,4.1691,-0.0306999999999995,1711.0,344,0.7193463333333333,-53.0,0.1798365833333333
499,2.616279069770739e-10,-18.547236990766457,4.1998,4.1995,4.199799127906975,343.99999999440456,1714.0,344,4.1998,4.1998,0.0,1714.0,344,0.7207723333333333,-54.0,0.1801930833333333
500,7.736003065092783e-10,-10.661006841717173,4.1998,4.1995,4.199797406340056,112.3043315598295,1726.0,347,4.1998,4.1998,0.0,1726.0,347,0.7219643333333333,-55.0,0.1804910833333333
501,7.86409248085607e-10,-3.4964149141121146,4.2001,4.1995,4.199799127906975,113.1044016280958,1710.0,344,4.1998,4.1998,0.0,1710.0,344,0.7211013333333333,-56.0,0.1802753333333333
502,1.2709783053638611e-09,-8.221515105088493,4.1998,4.1995,4.199795714285713,65.97025694566148,1743.0,350,4.1998,4.1998,0.0,1743.0,350,0.7160934444444444,-57.0,0.1790233611111111
503,1.0777258994795238e-09,-8.971678850327875,4.1998,4.1995,4.199796374622355,78.96814240668425,1650.0,331,4.1998,4.1998,0.0,1650.0,331,0.7134187777777778,-58.0,0.1783546944444444
504,2.3471761658031113e-06,-19.646882704386112,4.1998,4.1697,4.199722020725387,385.999999999937,1922.0,386,4.1998,4.1697,-0.0301,1922.0,386,0.7051526666666666,-59.0,0.1762881666666666
505,4.851680949248039e-10,-13.54591682650384,4.1998,4.1995,4.199798378378377,182.4782165614427,1843.0,370,4.1998,4.1998,0.0,1843.0,370,0.7048413333333333,-60.0,0.1762103333333333
506,1.187165775402565e-09,-8.520196351957912,4.1998,4.1995,4.199795999999998,70.97224137423899,1868.0,375,4.1998,4.1998,0.0,1868.0,375,0.7050957777777778,-61.0,0.1762739444444444
507,2.4258760107847275e-10,19.261360284519235,4.2001,4.1998,4.199800808625335,371.0000000067397,1849.0,371,4.1998,4.1998,0.0,1849.0,371,0.7040195555555556,-62.0,0.1760048888888889
508,9.257142857142644e-07,-18.70828693386547,4.1998,4.1818,4.19974857142857,349.99999999989365,1741.0,350,4.1998,4.1818,-0.0179999999999997,1741.0,350,0.7006766666666666,-63.0,0.1751691666666666
509,1.219328616590427e-09,-8.401998497105907,4.1998,4.1995,4.199795890410958,68.97148024656735,1817.0,365,4.1998,4.1998,0.0,1817.0,365,0.7020146666666667,-64.0,0.1755036666666666
510,3.164589834277914e-30,0.0,4.1998,4.1998,4.199799999999998,0.0,1725.0,346,4.1998,4.1998,0.0,1725.0,346,0.6969806666666667,-65.0,0.1742451666666666
511,2.065722952479853e-09,4.697227915542094,4.2001,4.1995,4.199805217391303,39.63174293430779,1720.0,345,4.1998,4.1998,0.0,1720.0,345,0.6946157777777778,-66.0,0.1736539444444444
512,1.2854988690641974e-09,8.172712848761126,4.2001,4.1998,4.199804335260114,65.1699128079206,1720.0,346,4.1998,4.1998,0.0,1720.0,346,0.6932705555555556,-67.0,0.1733176388888889
513,5.832436304435933e-07,-18.709877565531286,4.2001,4.1855,4.199760968660967,350.3797266231943,1749.0,351,4.1998,4.1855,-0.0142999999999995,1749.0,351,0.6914736666666667,-68.0,0.1728684166666666
514,1.0494534096837792e-09,9.09622211747174,4.2001,4.1998,4.1998035294117635,81.21898915506848,1693.0,340,4.1998,4.1998,0.0,1693.0,340,0.6879698888888889,-69.0,0.1719924722222222
515,3.164485006617239e-30,0.0,4.1998,4.1998,4.199799999999998,0.0,1744.0,350,4.1998,4.1998,0.0,1744.0,350,0.6898744444444445,-70.0,0.1724686111111111
516,5.070341383787056e-10,-13.247320238537052,4.1998,4.1995,4.1997983050847445,174.47722430026155,1763.0,354,4.1998,4.1998,0.0,1763.0,354,0.6904367777777778,-71.0,0.1726091944444444
517,3.905520461416621e-09,-4.391899500493278,4.1998,4.1995,4.199786404833835,17.39384528943255,1645.0,331,4.1998,4.1998,0.0,1645.0,331,0.6851815555555555,-72.0,0.1712953888888888
518,7.401094989500139e-09,-2.8753867548294223,4.1998,4.1995,4.199772965116278,6.304469603081412,1714.0,344,4.1995,4.1998,0.0003000000000001,1714.0,344,0.6845082222222222,-73.0,0.1711270555555555
519,2.406417112302499e-10,-19.33907960555835,4.1998,4.1995,4.199799197860961,373.99999999337984,1861.0,374,4.1998,4.1998,0.0,1861.0,374,0.6855581111111111,-74.0,0.1713895277777777
520,2.8542386410151606e-06,-18.676567678881693,4.1998,4.1682,4.199698571428571,349.2020628715557,1742.0,350,4.1998,4.1682,-0.0316,1742.0,350,0.6840033333333333,-75.0,0.1710008333333333
521,1.2532824063038e-09,-8.28211340464332,4.1998,4.1995,4.199795774647886,66.97067620683994,1768.0,355,4.1998,4.1998,0.0,1768.0,355,0.6844042222222222,-76.0,0.1711010555555555
522,1.2127574038519767e-09,-8.42577075889999,4.1998,4.1995,4.199795912806539,69.37163579274716,1827.0,367,4.1998,4.1998,0.0,1827.0,367,0.6864941111111111,-77.0,0.1716235277777777
523,3.7535866446443255e-09,-3.892258690230164,4.2001,4.1995,4.199788709677418,19.064892525443188,1853.0,372,4.1998,4.1998,0.0,1853.0,372,0.6853715555555556,-78.0,0.1713428888888889
524,2.420887121990415e-06,-19.126137092185612,4.1998,4.17,4.199709809264304,366.1984238551228,1828.0,367,4.1998,4.17,-0.0297999999999998,1828.0,367,0.6837272222222222,-79.0,0.1709318055555555
525,2.3948023603117687e-06,-19.23007690130899,4.1998,4.17,4.1997107816711585,370.18951755803494,1845.0,371,4.1998,4.17,-0.0297999999999998,1845.0,371,0.6822855555555556,-80.0,0.1705713888888889
526,7.910461154847819e-31,0.0,4.1998,4.1998,4.199799999999999,0.0,1803.0,362,4.1998,4.1998,0.0,1803.0,362,0.676791888888889,-81.0,0.1691979722222222
527,6.0943253706053554e-09,-3.3016415584303145,4.1998,4.1995,4.199778151260503,8.950951683387617,1778.0,357,4.1998,4.1998,0.0,1778.0,357,0.6762618888888888,-82.0,0.1690654722222222
528,2.4112251385009043e-09,-5.805668648427904,4.1998,4.1995,4.199791758241758,31.880930783039194,1810.0,364,4.1998,4.1998,0.0,1810.0,364,0.6736427777777777,-83.0,0.1684106944444444
529,7.869065121518174e-09,-2.743798857946019,4.1998,4.1995,4.199771045576406,5.558206490293468,1856.0,373,4.1998,4.1998,0.0,1856.0,373,0.6713532222222223,-84.0,0.1678383055555555
530,1.1025345622133713e-08,-2.0540218585867707,4.1998,4.1995,4.1997572580645155,2.230971456174227,1853.0,372,4.1998,4.1998,0.0,1853.0,372,0.6703125555555556,-85.0,0.1675781388888889
531,4.123636363641559e-09,-4.245921306621357,4.1998,4.1995,4.1997855999999985,16.11376050284662,1868.0,375,4.1998,4.1998,0.0,1868.0,375,0.6711061111111111,-86.0,0.1677765277777777
532,2.463997467956895e-09,-5.736369809908941,4.1998,4.1995,4.199791573033707,31.08051936776503,1773.0,356,4.1998,4.1998,0.0,1773.0,356,0.6664907777777778,-87.0,0.1666226944444444
533,1.380795370434416e-09,-7.863157440177709,4.1998,4.1995,4.199795336787564,60.140832738840466,1922.0,386,4.1998,4.1998,0.0,1922.0,386,0.6688212222222222,-88.0,0.1672053055555555
534,3.099804305287663e-09,-5.032075972650292,4.1998,4.1995,4.199789315068492,23.45025496941432,1819.0,365,4.1998,4.1998,0.0,1819.0,365,0.6621792222222223,-89.0,0.1655448055555555
535,3.1095277008310424e-06,-18.97989967939451,4.1998,4.1663,4.1996997229916895,360.4865535391969,1799.0,361,4.1995,4.1663,-0.0331999999999998,1799.0,361,0.6625625555555557,-90.0,0.1656406388888889
536,9.090200965893992e-10,-9.797572469065347,4.1998,4.1995,4.199796946564884,94.47318613718149,1960.0,393,4.1998,4.1998,0.0,1960.0,393,0.662685,-91.0,0.16567125
537,3.837036731669921e-09,-4.4352583654767095,4.1998,4.1995,4.1997866492146585,17.76449840798777,1901.0,382,4.1998,4.1995,-0.0003000000000001,1901.0,382,0.6605753333333333,-92.0,0.1651438333333333
538,2.306257770413184e-09,-5.950251510674193,4.1998,4.1995,4.199792125984251,33.5817499993864,1899.0,381,4.1998,4.1998,0.0,1899.0,381,0.6588546666666666,-93.0,0.1647136666666666
539,4.68625911118382e-07,-18.920029392461117,4.1998,4.1865,4.1997231770833325,366.20685654919225,1914.0,384,4.1998,4.1865,-0.0133,1914.0,384,0.656237111111111,-94.0,0.1640592777777777
540,8.726158898583687e-09,-2.5282124308121396,4.1998,4.1995,4.199767460317459,4.415191153583143,1883.0,378,4.1998,4.1998,0.0,1883.0,378,0.6536246666666667,-95.0,0.1634061666666666
541,9.500059234699805e-09,-2.354697073587566,4.1998,4.1995,4.199764130434782,3.563938206810834,1834.0,368,4.1998,4.1998,0.0,1834.0,368,0.6494647777777778,-96.0,0.1623661944444444
542,9.754628932723417e-09,-2.301134198605994,4.1998,4.1995,4.199763013698629,3.3133440760205795,1818.0,365,4.1998,4.1998,0.0,1818.0,365,0.6503057777777778,-97.0,0.1625764444444444
543,1.1192612938763262e-09,-8.786017252515931,4.1998,4.1995,4.199796231155777,75.57384672749627,1982.0,398,4.1998,4.1998,0.0,1982.0,398,0.6487672222222223,-98.0,0.1621918055555555
544,1.4133133924054151e-09,-7.767184372615875,4.1998,4.1995,4.1997952254641895,58.640217938620054,1878.0,377,4.1998,4.1998,0.0,1878.0,377,0.6460474444444444,-99.0,0.1615118611111111
545,4.6153234569268126e-10,-13.892165471171442,4.1998,4.1995,4.199798457583546,191.97928809931176,1936.0,389,4.1998,4.1998,0.0,1936.0,389,0.6438058888888889,-100.0,0.1609514722222222
546,3.1636609219801e-30,0.0,4.1998,4.1998,4.199799999999998,0.0,1917.0,385,4.1998,4.1998,0.0,1917.0,385,0.640208,-101.0,0.160052
547,6.63108007082414e-07,-19.76350002483172,4.1998,4.1837,4.199758056265983,390.7265281893033,1947.0,391,4.1998,4.1837,-0.0160999999999997,1947.0,391,0.6382448888888889,-102.0,0.1595612222222222
548,3.163747419886373e-30,0.0,4.1998,4.1998,4.199799999999998,0.0,1899.0,381,4.1998,4.1998,0.0,1899.0,381,0.6349523333333333,-103.0,0.1587380833333333
549,4.6035198734485517e-10,-13.910150300674486,4.1998,4.1995,4.199798461538459,192.47934158280543,1943.0,390,4.1998,4.1998,0.0,1943.0,390,0.6337983333333332,-104.0,0.1584495833333333
550,3.163725625138336e-30,0.0,4.1998,4.1998,4.199799999999998,0.0,1905.0,382,4.1998,4.1998,0.0,1905.0,382,0.6303597777777779,-105.0,0.1575899444444444
551,2.3316062176195185e-10,19.64688270475157,4.2001,4.1998,4.1998007772020705,386.00000000956027,1922.0,386,4.1998,4.1998,0.0,1922.0,386,0.6282637777777779,-106.0,0.1570659444444444
552,7.979112878009685e-07,-19.096825181900932,4.1998,4.1827,4.199747683923705,365.435821986183,1830.0,367,4.1998,4.1827,-0.0171000000000001,1830.0,367,0.6241901111111111,-107.0,0.1560475277777777
553,9.349878385632427e-10,-9.65620059957077,4.1998,4.1995,4.199796858638742,91.72241118305756,1901.0,382,4.1998,4.1998,0.0,1901.0,382,0.6222738888888889,-108.0,0.1555684722222222
554,3.163555301143389e-30,0.0,4.1998,4.1998,4.199799999999998,0.0,1945.0,390,4.1998,4.1998,0.0,1945.0,390,0.6210262222222223,-109.0,0.1552565555555555
555,3.163555301143389e-30,0.0,4.1998,4.1998,4.199799999999998,0.0,1943.0,390,4.1998,4.1998,0.0,1943.0,390,0.6187010000000001,-110.0,0.15467525
556,2.969478688616636e-06,-19.42838718217069,4.1998,4.1663,4.199706613756613,377.6383585673774,1880.0,378,4.1998,4.1663,-0.0335,1880.0,378,0.6161296666666667,-111.0,0.1540324166666666
557,4.3901912843432303e-10,-14.247548600432728,4.1998,4.1995,4.199798533007334,201.98030775650497,2039.0,409,4.1998,4.1998,0.0,2039.0,409,0.6158001111111112,-112.0,0.1539500277777778
558,3.840748839156745e-09,-4.431339930969467,4.1998,4.1995,4.199786633663365,17.724495118680267,2014.0,404,4.1998,4.1998,0.0,2014.0,404,0.6143331111111111,-113.0,0.1535832777777777
559,3.1870015037592924e-06,-19.9813309503488,4.1998,4.1641,4.199703999999998,399.4983038591273,1987.0,400,4.1998,4.1641,-0.0356999999999994,1987.0,400,0.6117106666666666,-114.0,0.1529276666666666
560,6.829689298052334e-10,-3.761713010058227,4.2001,4.1995,4.199799242424241,130.4386199251781,1971.0,396,4.1998,4.1998,0.0,1971.0,396,0.6073105555555556,-115.0,0.1518276388888889
561,9.253751429928895e-10,-9.707846830074008,4.1998,4.1995,4.199796891191709,92.7226981134867,1924.0,386,4.1998,4.1998,0.0,1924.0,386,0.6049726666666667,-116.0,0.1512431666666666
562,2.2167487684756996e-10,-20.14944167924531,4.1998,4.1995,4.199799261083742,405.9999999901567,2023.0,406,4.1998,4.1998,0.0,2023.0,406,0.606283,-117.0,0.15157075
563,1.10280568999967e-09,-8.854049065864416,4.1998,4.1995,4.199796287128711,76.77423543435948,2012.0,404,4.1998,4.1998,0.0,2012.0,404,0.6036984444444444,-118.0,0.1509246111111111
564,3.1486432160804193e-06,-19.949937343256614,4.1998,4.1644,4.19971105527638,397.99999999990945,1983.0,398,4.1998,4.1644,-0.0354000000000001,1983.0,398,0.5986324444444444,-119.0,0.1496581111111111
565,8.822882288239936e-10,-9.94950495874486,4.1998,4.1995,4.199797037037035,97.47398336624975,2018.0,405,4.1998,4.1998,0.0,2018.0,405,0.5959863333333333,-120.0,0.1489965833333333
566,1.329800498754792e-09,-8.020560416934629,4.1998,4.1995,4.199795511221944,62.64179627143547,1995.0,401,4.1998,4.1998,0.0,1995.0,401,0.5933930000000001,-121.0,0.14834825
567,4.337298663022627e-10,-14.3350176240018,4.1998,4.1995,4.199798550724636,204.48054717303648,2062.0,414,4.1998,4.1998,0.0,2062.0,414,0.5948295555555555,-122.0,0.1487073888888888
568,4.5684686088233293e-10,-13.963965787319056,4.1998,4.1995,4.199798473282441,193.97950039218244,1956.0,393,4.1998,4.1998,0.0,1956.0,393,0.5872423333333333,-123.0,0.1468105833333333
569,2.1276595744707659e-10,-20.56696380087815,4.1998,4.1995,4.19979929078014,422.99999999104574,2107.0,423,4.1998,4.1998,0.0,2107.0,423,0.586924,-124.0,0.146731
570,3.3286862391381947e-09,-4.821207685320343,4.1998,4.1995,4.199788486140723,21.33500699026106,2340.0,469,4.1998,4.1998,0.0,2340.0,469,0.5636524444444444,-125.0,0.1409131111111111
571,2.031602708806172e-10,21.047565180136164,4.2001,4.1998,4.199800677200901,443.0000000080901,2206.0,443,4.1998,4.1998,0.0,2206.0,443,0.5594082222222222,-126.0,0.1398520555555555
572,1.291638261361791e-09,-8.14429234881068,4.1998,4.1995,4.199795641646487,64.64251685765788,2060.0,413,4.1998,4.1998,0.0,2060.0,413,0.552142,-127.0,0.1380355
573,2.2222222222250232e-10,20.124611797856467,4.2001,4.1998,4.199800740740739,405.0000000096635,2019.0,405,4.1998,4.1998,0.0,2019.0,405,0.5497432222222223,-128.0,0.1374358055555555
574,8.695032935741767e-10,-10.024607493946126,4.1998,4.1995,4.199797080291969,98.97436446515864,2049.0,411,4.1998,4.1998,0.0,2049.0,411,0.5456321111111112,-129.0,0.1364080277777778
575,1.0488346281922203e-09,-9.088149766118644,4.1998,4.1995,4.199796470588233,80.97550942473586,2120.0,425,4.1998,4.1998,0.0,2120.0,425,0.5446331111111111,-130.0,0.1361582777777777
576,2.1951219512222776e-10,-20.248456730978504,4.1998,4.1995,4.199799268292681,409.999999990828,2042.0,410,4.1998,4.1998,0.0,2042.0,410,0.5395656666666666,-131.0,0.1348914166666666
577,3.2641991168204596e-06,-20.587214813075555,4.2001,4.1626,4.199712264150942,423.8886768990062,2111.0,424,4.1998,4.1626,-0.0371999999999994,2111.0,424,0.5368513333333332,-132.0,0.1342128333333333
578,8.199936728893599e-10,-10.331658520304448,4.1998,4.1995,4.19979724770642,105.22583911631448,2170.0,436,4.1998,4.1998,0.0,2170.0,436,0.5375611111111112,-133.0,0.1343902777777778
579,3.4734015509474635e-06,-21.129686645930228,4.1998,4.1604,4.199707158836687,446.6397937125393,2227.0,447,4.1998,4.1604,-0.0393999999999996,2227.0,447,0.53552,-134.0,0.13388
580,2.863353679607432e-09,-5.261386856221073,4.1998,4.1995,4.199790153172865,25.7950622146741,2279.0,457,4.1998,4.1998,0.0,2279.0,457,0.5318632222222223,-135.0,0.1329658055555555
581,3.092670351570354e-09,-5.034904249894644,4.1998,4.1995,4.1997893364928895,23.461431159513587,2100.0,422,4.1998,4.1998,0.0,2100.0,422,0.5231546666666667,-136.0,0.1307886666666666
582,8.017332594356853e-10,-10.45195292186982,4.1998,4.1995,4.199797309417039,107.72638254421102,2221.0,446,4.1998,4.1998,0.0,2221.0,446,0.5192743333333333,-137.0,0.1298185833333333
583,3.3764929256789776e-06,-20.721276760058178,4.1998,4.1617,4.199705813953487,429.5776594447054,2141.0,430,4.1998,4.1617,-0.0381,2141.0,430,0.5141481111111111,-138.0,0.1285370277777777
584,7.691879866528044e-10,-10.676778117680438,4.1998,4.1995,4.199797419354837,112.4773504706086,2317.0,465,4.1998,4.1998,0.0,2317.0,465,0.5123251111111111,-139.0,0.1280812777777777
585,4.109545903055584e-10,-14.730686136806696,4.1998,4.1995,4.199798627002287,215.98157748364272,2179.0,437,4.1998,4.1998,0.0,2179.0,437,0.5043821111111111,-140.0,0.1260955277777777
586,2.0454545454571215e-10,20.97617696385095,4.2001,4.1998,4.1998006818181794,440.0000000125845,2191.0,440,4.1998,4.1998,0.0,2191.0,440,0.5012544444444444,-141.0,0.1253136111111111
587,7.894274160474107e-10,-10.535341588380517,4.1998,4.1995,4.199797350993376,109.47674862392834,2260.0,453,4.1998,4.1998,0.0,2260.0,453,0.497333,-142.0,0.12433325
588,1.0156956969463914e-09,-9.240921981962806,4.1998,4.1995,4.199796583143506,83.77629099634454,2187.0,439,4.1998,4.1998,0.0,2187.0,439,0.4904713333333333,-143.0,0.1226178333333333
589,5.498721227628412e-09,-3.533335824768319,4.1998,4.1995,4.199780434782607,10.5302271357118,2290.0,460,4.1998,4.1998,0.0,2290.0,460,0.4869251111111111,-144.0,0.1217312777777777
590,3.1471049958484574e-09,-4.983068058210002,4.1998,4.1995,4.199789140271492,22.934724851996407,2203.0,442,4.1998,4.1998,0.0,2203.0,442,0.4791331111111111,-145.0,0.1197832777777777
591,1.3752624453051882e-09,-7.873902986103645,4.1998,4.1995,4.199795353982299,60.26499047895806,2254.0,452,4.1998,4.1998,0.0,2254.0,452,0.4763046666666666,-146.0,0.1190761666666666
592,4.0816326530663676e-10,1.3248860177026178e-10,4.2001,4.1995,4.199799999999999,220.50000000000009,2201.0,442,4.1998,4.1998,0.0,2201.0,442,0.4700327777777777,-147.0,0.1175081944444444
593,6.055089647202541e-09,-3.311842844460304,4.1998,4.1995,4.1997782894736835,9.00779198772521,2274.0,456,4.1998,4.1998,0.0,2274.0,456,0.4665967777777778,-148.0,0.1166491944444444
594,3.257926507652232e-09,-4.883015402374045,4.1998,4.1995,4.199788741721853,21.94068921567115,2259.0,453,4.1998,4.1998,0.0,2259.0,453,0.4604091111111111,-149.0,0.1151022777777777
595,5.920879890312911e-10,-12.219901586575704,4.1998,4.1995,4.199798017621143,147.97786655215504,2263.0,454,4.1998,4.1998,0.0,2263.0,454,0.4566395555555555,-150.0,0.1141598888888888
596,3.8709317047788407e-10,-15.1820129065863,4.1998,4.1995,4.19979870689655,229.4826558666044,2313.0,464,4.1998,4.1998,0.0,2313.0,464,0.4532938888888889,-151.0,0.1133234722222222
597,7.626701656562017e-10,-10.72350899967464,4.1998,4.1995,4.199797441364604,113.47754422120327,2338.0,469,4.1998,4.1998,0.0,2338.0,469,0.4476324444444444,-152.0,0.1119081111111111
598,1.599542404218434e-09,-7.262943427395494,4.1998,4.1995,4.199794582392775,50.98048937536876,2207.0,443,4.1998,4.1998,0.0,2207.0,443,0.4386613333333333,-153.0,0.1096653333333333
599,2.151002227174202e-09,-6.179688436934917,4.1998,4.1995,4.1997926666666645,36.3500869218809,2244.0,450,4.1998,4.1998,0.0,2244.0,450,0.433982,-154.0,0.1084955
600,2.0089285714311032e-10,21.16601048879532,4.2001,4.1998,4.199800669642856,448.00000000789777,2231.0,448,4.1998,4.1998,0.0,2231.0,448,0.4276604444444444,-155.0,0.1069151111111111
601,6.19246283033102e-10,-11.943993893613529,4.1998,4.1995,4.199797926267279,141.31017473924877,2164.0,434,4.1998,4.1998,0.0,2164.0,434,0.4225868888888889,-156.0,0.1056467222222222
602,5.945898004442082e-09,-3.3533366163825433,4.1998,4.1995,4.199778713968956,9.286026879315218,2250.0,451,4.1998,4.1998,0.0,2250.0,451,0.4184262222222222,-157.0,0.1046065555555555
603,1.580558444363587e-09,-5.438955348191872,4.2001,4.1995,4.199796017699113,53.00495559984905,2254.0,452,4.1998,4.1998,0.0,2254.0,452,0.4144644444444444,-158.0,0.1036161111111111
604,4.319982648935459e-09,-4.122002561568844,4.1998,4.1995,4.199784868421051,15.056925622682453,2275.0,456,4.1998,4.1998,0.0,2275.0,456,0.4098087777777778,-159.0,0.1024521944444444
605,9.31928503380932e-09,-2.3904882035641526,4.1998,4.1995,4.1997648936170195,3.7302894209663657,2343.0,470,4.1995,4.1998,0.0003000000000001,2343.0,470,0.4077922222222222,-160.0,0.1019480555555555
606,9.239452591439695e-10,-9.705416966245656,4.1998,4.1995,4.199796894409936,92.57845222922292,2409.0,483,4.1998,4.1998,0.0,2409.0,483,0.4048352222222222,-161.0,0.1012088055555555
607,7.808662914594225e-10,-10.594502994204348,4.1998,4.1995,4.1997973799126616,110.72700323664029,2282.0,458,4.1998,4.1998,0.0,2282.0,458,0.3965914444444444,-162.0,0.0991478611111111
608,4.673212142545771e-06,-22.108086932560894,4.2001,4.152,4.199702249488752,488.8446789667621,2436.0,489,4.1998,4.152,-0.0477999999999996,2436.0,489,0.3967915555555555,-163.0,0.0991978888888888
609,1.2497878839316614e-09,-8.280694925813979,4.1998,4.1995,4.1997957831325285,66.83832145654299,2482.0,498,4.1998,4.1998,0.0,2482.0,498,0.3906426666666667,-164.0,0.0976606666666666
610,1.9148936170236887e-10,21.67948338906678,4.2001,4.1998,4.19980063829787,470.0000000112632,2344.0,470,4.1998,4.1998,0.0,2344.0,470,0.3818264444444444,-165.0,0.0954566111111111
611,1.9403206412850103e-09,-6.537068813914532,4.1998,4.1995,4.199793399999999,40.89684132250412,2495.0,500,4.1998,4.1998,0.0,2495.0,500,0.3780179999999999,-166.0,0.0945044999999999
612,1.0985560509608614e-06,-21.83382201101404,4.2001,4.1768,4.199736853002069,478.7628168668649,2407.0,483,4.1998,4.1768,-0.0229999999999996,2407.0,483,0.3734486666666666,-167.0,0.0933621666666666
613,1.818181818184108e-10,-22.24859546106976,4.1998,4.1995,4.199799393939393,494.9999999935299,2466.0,495,4.1998,4.1998,0.0,2466.0,495,0.3696379999999999,-168.0,0.0924094999999999
614,1.14321370750279e-09,8.676653106116307,4.2001,4.1998,4.199803853211009,73.55422120041794,2717.0,545,4.1998,4.1998,0.0,2717.0,545,0.3687116666666666,-169.0,0.0921779166666666
615,4.970373253493026e-06,-22.377010522780903,4.1998,4.1499,4.199697405189619,500.8193145089844,2498.0,501,4.1998,4.1499,-0.0499,2498.0,501,0.357943,-170.0,0.08948575
616,1.064961710047385e-09,-9.009077724596956,4.1998,4.1995,4.199796414342627,79.4801219348905,2502.0,502,4.1998,4.1998,0.0,2502.0,502,0.3523958888888888,-171.0,0.0880989722222222
617,3.912691269131842e-09,-4.377344823498161,4.1998,4.1995,4.199786363636362,17.229232315570677,2525.0,506,4.1998,4.1998,0.0,2525.0,506,0.3469652222222222,-172.0,0.0867413055555555
618,5.375313712076132e-09,-3.58563879783687,4.1998,4.1995,4.199780903490758,10.901559330727403,2427.0,487,4.1998,4.1998,0.0,2427.0,487,0.3406474444444444,-173.0,0.0851618611111111
619,6.93934633266522e-06,-22.331534733662338,4.1998,4.1409,4.199660599999999,499.12696982237816,2494.0,500,4.1998,4.1409,-0.0588999999999995,2494.0,500,0.3364466666666666,-174.0,0.0841116666666666
620,9.673718774691105e-09,-2.314139718077548,4.1998,4.1995,4.199763340122199,3.3689489291835644,2446.0,491,4.1995,4.1998,0.0003000000000001,2446.0,491,0.3295443333333333,-175.0,0.0823860833333333
621,8.403366733477522e-09,-2.6023184410855897,4.1998,4.1995,4.199768799999998,4.791210231249037,2492.0,500,4.1998,4.1998,0.0,2492.0,500,0.324303,-176.0,0.08107575
622,9.799940941987838e-09,-2.197860643635156,4.2001,4.1995,4.199764299424183,3.482016181733145,2598.0,521,4.1998,4.1998,0.0,2598.0,521,0.3217322222222222,-177.0,0.0804330555555555
623,3.927506390234997e-09,-4.36741604627622,4.1998,4.1995,4.199786309523807,17.142332809976253,2512.0,504,4.1998,4.1998,0.0,2512.0,504,0.3137158888888889,-178.0,0.0784289722222222
624,5.559078156319627e-09,-3.5065517408395595,4.1998,4.1995,4.199780199999998,10.3372383640316,2492.0,500,4.1998,4.1998,0.0,2492.0,500,0.3080501111111111,-179.0,0.0770125277777777
625,6.922788293179739e-09,-3.0125514345180044,4.1998,4.1995,4.199774860335195,7.101902721819393,2679.0,537,4.1995,4.1998,0.0003000000000001,2679.0,537,0.3062102222222222,-180.0,0.0765525555555555
626,2.825299890952306e-09,-5.298693291343665,4.1998,4.1995,4.199790285714284,26.17585432090744,2615.0,525,4.1998,4.1998,0.0,2615.0,525,0.2995194444444444,-181.0,0.0748798611111111
627,1.534090909092842e-08,-1.374220046872115,4.1998,4.1995,4.1997347826086955,-0.1119568641829067,2637.0,529,4.1998,4.1998,0.0,2637.0,529,0.2932392222222222,-182.0,0.0733098055555555
628,5.2381237286173465e-09,-3.64494625053943,4.1998,4.1995,4.199781420765027,11.32688384138824,2738.0,549,4.1998,4.1998,0.0,2738.0,549,0.2896056666666666,-183.0,0.0724014166666666
629,1.1442605657032944e-08,-1.975545924913701,4.1998,4.1995,4.199755258126194,1.9100713914901095,2606.0,523,4.1998,4.1998,0.0,2606.0,523,0.2812562222222222,-184.0,0.0703140555555555
630,1.1580534493747335e-06,-22.32742305671117,4.1998,4.1753,4.1996676864244735,506.4562665915299,2605.0,523,4.1998,4.1753,-0.0244999999999997,2605.0,523,0.2752136666666666,-185.0,0.0688034166666666
631,9.266200045168595e-09,-2.4010570862532616,4.1998,4.1995,4.199765116279068,3.779710228991405,2574.0,516,4.1998,4.1998,0.0,2574.0,516,0.270157,-186.0,0.06753925
632,2.247320790667275e-08,-0.1138889656173506,4.1998,4.1995,4.199658502024292,-1.9951232161795407,2462.0,494,4.1995,4.1995,0.0,2462.0,494,0.2618107777777778,-187.0,0.0654526944444444
633,1.2660043066012705e-08,-1.7723140366068704,4.1998,4.1995,4.1997493203883485,1.145530629638957,2565.0,515,4.1998,4.1998,0.0,2565.0,515,0.2583181111111111,-188.0,0.0645795277777777
634,1.2909514111159704e-08,-1.7332550718638902,4.1998,4.1995,4.199748065173115,1.008263532127298,2450.0,491,4.1998,4.1998,0.0,2450.0,491,0.2510156666666667,-189.0,0.0627539166666666
635,1.7915239726049973e-08,-1.0195951279485178,4.1998,4.1995,4.199717968749999,-0.9642075282693088,2552.0,512,4.1998,4.1998,0.0,2552.0,512,0.2465543333333333,-190.0,0.0616385833333333
636,1.7713740734503332e-08,-1.047663235463694,4.1998,4.1995,4.1997194388777555,-0.9060493311129204,2490.0,499,4.1998,4.1998,0.0,2490.0,499,0.24184,-191.0,0.06046
637,1.0343322051965378e-05,-21.756944743678055,4.1998,4.1297,4.199605684210526,473.9046802793878,2368.0,475,4.1998,4.1297,-0.0701,2368.0,475,0.233708,-192.0,0.058427
638,1.8587132626329525e-08,-0.9255936793952252,4.1998,4.1995,4.199712845849801,-1.1478289031522764,2520.0,506,4.1995,4.1995,0.0,2520.0,506,0.2312222222222222,-193.0,0.0578055555555555
639,1.5970642545581716e-08,-1.287531985120541,4.1998,4.1995,4.199731012658226,-0.3437295771865485,2364.0,474,4.1998,4.1995,-0.0003000000000001,2364.0,474,0.2239526666666666,-194.0,0.0559881666666666
640,2.1339253631770636e-08,-0.4772024079717966,4.1998,4.1995,4.1996847107438,-1.7796489568793954,2414.0,484,4.1995,4.1998,0.0003000000000001,2414.0,484,0.2194113333333333,-195.0,0.0548528333333333
641,1.094023899225702e-05,-22.552905914588905,4.1998,4.1251,4.199616470588233,509.0849982478457,2542.0,510,4.1995,4.1251,-0.0743999999999998,2542.0,510,0.2162605555555555,-196.0,0.0540651388888888
642,2.1270529903962344e-08,-0.4918888219729551,4.1998,4.1995,4.199685714285713,-1.7657079972601104,2300.0,462,4.1998,4.1995,-0.0003000000000001,2300.0,462,0.2081777777777777,-197.0,0.0520444444444444
643,1.8517834772885467e-08,-0.935148760865912,4.1998,4.1995,4.199713384321223,-1.1298320599870355,2608.0,523,4.1998,4.1995,-0.0003000000000001,2608.0,523,0.2084572222222222,-198.0,0.0521143055555555
644,1.9720625757092972e-08,-0.7594723077025,4.1998,4.1995,4.1997031055900615,-1.4291367972176126,2407.0,483,4.1995,4.1998,0.0003000000000001,2407.0,483,0.2023506666666666,-199.0,0.0505876666666666
645,1.1046781354050924e-05,-21.801458363955515,4.1998,4.1272,4.199594968553458,475.863978696608,2379.0,477,4.1998,4.1272,-0.0725999999999995,2379.0,477,0.1965605555555555,-200.0,0.0491401388888888
646,1.6818276553127405e-08,-1.170581639521458,4.1998,4.1995,4.1997256,-0.6322838129357513,2494.0,500,4.1995,4.1995,0.0,2494.0,500,0.1948757777777778,-201.0,0.0487189444444444
647,1.4225504668914948e-08,-1.534482795060355,4.1998,4.1995,4.199741127348641,0.3561068673319818,2389.0,479,4.1998,4.1998,0.0,2389.0,479,0.1889238888888889,-202.0,0.0472309722222222
648,1.841657121040885e-08,-0.9500245751365486,4.1998,4.1995,4.199714197530863,-1.1020053165552637,2424.0,486,4.1998,4.1995,-0.0003000000000001,2424.0,486,0.1844444444444444,-203.0,0.0461111111111111
649,1.4898046546268612e-05,-22.049256585928656,4.1998,4.1145,4.199537909836065,486.77533965362267,2434.0,488,4.1998,4.1145,-0.0853000000000001,2434.0,488,0.1803888888888888,-204.0,0.0450972222222222
650,2.0690577978280356e-08,-0.6007955535692543,4.1998,4.1995,4.199693032786884,-1.6458067001880778,2432.0,488,4.1995,4.1995,0.0,2432.0,488,0.1763516666666666,-205.0,0.0440879166666666
651,1.4794186807611188e-08,-1.4520343171437653,4.1998,4.1995,4.1997379518072275,0.108824546738647,2482.0,498,4.1998,4.1998,0.0,2482.0,498,0.173807,-206.0,0.04345175
652,1.3215587802126898e-08,-1.685491847248893,4.1998,4.1995,4.1997464929859705,0.8442504672395534,2489.0,499,4.1998,4.1998,0.0,2489.0,499,0.1704885555555555,-207.0,0.0426221388888888
653,1.3968287808145513e-08,-1.5723750607796574,4.1998,4.1995,4.199742526315789,0.4743428163326739,2366.0,475,4.1995,4.1998,0.0003000000000001,2366.0,475,0.1640828888888889,-208.0,0.0410207222222222
654,1.9442682733495243e-08,-0.8017201826544491,4.1998,4.1995,4.199705660377357,-1.3629772054370195,2376.0,477,4.1995,4.1998,0.0003000000000001,2376.0,477,0.1617738888888888,-209.0,0.0404434722222222
655,2.2504525797071506e-08,-0.0862336274194856,4.1998,4.1995,4.19965644171779,-2.0007636749520508,2440.0,489,4.1995,4.1998,0.0003000000000001,2440.0,489,0.1586987777777777,-210.0,0.0396746944444444
656,1.5124455409181468e-05,-22.33600928522088,4.1998,4.1127,4.199513572854291,499.593617225184,2496.0,501,4.1995,4.1127,-0.0867999999999993,2496.0,501,0.1556446666666666,-211.0,0.0389111666666666
