cycle_number,relax_var,relax_ske,relax_max,relax_min,relax_mean,relax_kur,relax_duration_s,relax_points,relax_start_voltage,relax_end_voltage,relax_voltage_delta,window_s,window_points,SOH,RUL,discharge_capacity_in_Ah
1,0.0,0.0,4.2,4.2,4.2,0.0,1599.859999999986,142,4.2,4.199,-0.0010000000000003,300.0,31,0.994915254237288,391.0,2.348
2,0.0,0.0,4.2,4.2,4.2,0.0,1512.2000000000116,134,4.2,4.199,-0.0010000000000003,300.0,31,0.9953389830508476,390.0,2.349
3,0.0,0.0,4.2,4.2,4.2,0.0,1622.1500000000233,145,4.2,4.199,-0.0010000000000003,300.0,31,0.9957627118644068,389.0,2.35
4,0.0,0.0,4.2,4.2,4.2,0.0,1501.4000000000233,133,4.2,4.199,-0.0010000000000003,300.0,31,0.9957627118644068,388.0,2.35
5,0.0,0.0,4.2,4.2,4.2,0.0,1493.8099999999977,131,4.2,4.199,-0.0010000000000003,300.0,31,0.996186440677966,387.0,2.351
6,0.0,0.0,4.2,4.2,4.2,0.0,1524.929999999993,135,4.2,4.199,-0.0010000000000003,300.0,31,0.996186440677966,386.0,2.351
7,0.0,0.0,4.2,4.2,4.2,0.0,1522.4100000000326,135,4.2,4.199,-0.0010000000000003,300.0,31,0.996186440677966,385.0,2.351
8,0.0,0.0,4.2,4.2,4.2,0.0,1487.1599999999744,131,4.2,4.199,-0.0010000000000003,300.0,31,0.996186440677966,384.0,2.351
9,0.0,0.0,4.2,4.2,4.2,0.0,1299.1900000000023,112,4.2,4.199,-0.0010000000000003,300.0,31,0.996186440677966,383.0,2.351
10,0.0,0.0,4.2,4.2,4.2,0.0,1455.2600000000093,128,4.2,4.199,-0.0010000000000003,300.0,31,0.9966101694915254,382.0,2.352
11,0.0,0.0,4.2,4.2,4.2,0.0,1453.7000000000116,128,4.2,4.199,-0.0010000000000003,300.0,31,0.9966101694915254,381.0,2.352
12,0.0,0.0,4.2,4.2,4.2,0.0,1518.4500000000116,134,4.2,4.199,-0.0010000000000003,300.0,31,0.9966101694915254,380.0,2.352
13,0.0,0.0,4.2,4.2,4.2,0.0,1364.109999999986,119,4.2,4.199,-0.0010000000000003,300.0,31,0.9966101694915254,379.0,2.352
14,0.0,0.0,4.2,4.2,4.2,0.0,1433.2399999999907,126,4.2,4.199,-0.0010000000000003,300.0,31,0.9970338983050848,378.0,2.353
15,0.0,0.0,4.2,4.2,4.2,0.0,1540.6199999999951,137,4.2,4.199,-0.0010000000000003,300.0,31,0.9970338983050848,377.0,2.353
16,0.0,0.0,4.2,4.2,4.2,0.0,1383.4300000000512,121,4.2,4.199,-0.0010000000000003,300.0,31,0.9970338983050848,376.0,2.353
17,0.0,0.0,4.2,4.2,4.2,0.0,1452.8099999999977,128,4.2,4.199,-0.0010000000000003,300.0,31,0.9970338983050848,375.0,2.353
18,0.0,0.0,4.2,4.2,4.2,0.0,1333.0499999999884,116,4.2,4.199,-0.0010000000000003,300.0,31,0.9970338983050848,374.0,2.353
19,0.0,0.0,4.2,4.2,4.2,0.0,1453.4100000000326,128,4.2,4.199,-0.0010000000000003,300.0,31,0.9970338983050848,373.0,2.353
20,0.0,0.0,4.2,4.2,4.2,0.0,1385.4100000000326,121,4.2,4.199,-0.0010000000000003,300.0,31,0.9970338983050848,372.0,2.353
21,0.0,0.0,4.2,4.2,4.2,0.0,1426.6600000000326,125,4.2,4.199,-0.0010000000000003,300.0,31,0.9970338983050848,371.0,2.353
22,0.0,0.0,4.2,4.2,4.2,0.0,1355.3300000000745,118,4.2,4.199,-0.0010000000000003,300.0,31,0.9970338983050848,370.0,2.353
23,0.0,0.0,4.2,4.2,4.2,0.0,1355.4799999999814,118,4.2,4.199,-0.0010000000000003,300.0,31,0.9970338983050848,369.0,2.353
24,0.0,0.0,4.2,4.2,4.2,0.0,1450.2700000000186,128,4.2,4.199,-0.0010000000000003,300.0,31,0.9974576271186442,368.0,2.354
25,0.0,0.0,4.2,4.2,4.2,0.0,1353.3700000001118,118,4.2,4.199,-0.0010000000000003,300.0,31,0.9970338983050848,367.0,2.353
26,0.0,0.0,4.2,4.2,4.2,0.0,1390.9199999999255,122,4.2,4.199,-0.0010000000000003,300.0,31,0.9970338983050848,366.0,2.353
27,0.0,0.0,4.2,4.2,4.2,0.0,1295.4799999999814,112,4.2,4.199,-0.0010000000000003,300.0,31,0.9970338983050848,365.0,2.353
28,0.0,0.0,4.2,4.2,4.2,0.0,1332.8800000000049,116,4.2,4.199,-0.0010000000000003,300.0,31,0.9970338983050848,364.0,2.353
29,0.0,0.0,4.2,4.2,4.2,0.0,1273.5999999999767,110,4.2,4.199,-0.0010000000000003,300.0,31,0.9970338983050848,363.0,2.353
30,0.0,0.0,4.2,4.2,4.2,0.0,1286.0200000000186,111,4.2,4.199,-0.0010000000000003,300.0,31,0.9974576271186442,362.0,2.354
31,0.0,0.0,4.2,4.2,4.2,0.0,1332.4099999999162,116,4.2,4.199,-0.0010000000000003,300.0,31,0.9974576271186442,361.0,2.354
32,0.0,0.0,4.2,4.2,4.2,0.0,1316.2000000000698,114,4.2,4.199,-0.0010000000000003,300.0,31,0.9974576271186442,360.0,2.354
33,0.0,0.0,4.2,4.2,4.2,0.0,1277.0899999999674,110,4.2,4.199,-0.0010000000000003,300.0,31,0.9974576271186442,359.0,2.354
34,0.0,0.0,4.2,4.2,4.2,0.0,1289.4300000000512,111,4.2,4.199,-0.0010000000000003,300.0,31,0.9974576271186442,358.0,2.354
35,0.0,0.0,4.2,4.2,4.2,0.0,1318.6300000000049,114,4.2,4.199,-0.0010000000000003,300.0,31,0.9970338983050848,357.0,2.353
36,0.0,0.0,4.2,4.2,4.2,0.0,1301.8199999999488,113,4.2,4.199,-0.0010000000000003,300.0,31,0.9970338983050848,356.0,2.353
37,0.0,0.0,4.2,4.2,4.2,0.0,1278.439999999944,110,4.2,4.199,-0.0010000000000003,300.0,31,0.9970338983050848,355.0,2.353
38,0.0,0.0,4.2,4.2,4.2,0.0,1126.9000000000233,95,4.2,4.199,-0.0010000000000003,300.0,31,0.9970338983050848,354.0,2.353
39,0.0,0.0,4.2,4.2,4.2,0.0,1282.0899999999674,111,4.2,4.199,-0.0010000000000003,300.0,31,0.9970338983050848,353.0,2.353
40,0.0,0.0,4.2,4.2,4.2,0.0,1203.280000000028,103,4.2,4.199,-0.0010000000000003,300.0,31,0.9970338983050848,352.0,2.353
41,0.0,0.0,4.2,4.2,4.2,0.0,1268.4299999999348,109,4.2,4.199,-0.0010000000000003,300.0,31,0.9970338983050848,351.0,2.353
42,0.0,0.0,4.2,4.2,4.2,0.0,1310.1300000000049,114,4.2,4.199,-0.0010000000000003,300.0,31,0.9970338983050848,350.0,2.353
43,0.0,0.0,4.2,4.2,4.2,0.0,1246.329999999958,107,4.2,4.199,-0.0010000000000003,300.0,31,0.9970338983050848,349.0,2.353
44,0.0,0.0,4.2,4.2,4.2,0.0,1246.530000000028,107,4.2,4.199,-0.0010000000000003,300.0,31,0.9970338983050848,348.0,2.353
45,0.0,0.0,4.2,4.2,4.2,0.0,1238.9000000000233,106,4.2,4.199,-0.0010000000000003,300.0,31,0.9970338983050848,347.0,2.353
46,0.0,0.0,4.2,4.2,4.2,0.0,1265.030000000028,109,4.2,4.199,-0.0010000000000003,300.0,31,0.9966101694915254,346.0,2.352
47,0.0,0.0,4.2,4.2,4.2,0.0,1270.4799999999814,110,4.2,4.199,-0.0010000000000003,300.0,31,0.9966101694915254,345.0,2.352
48,0.0,0.0,4.2,4.2,4.2,0.0,1163.369999999879,99,4.2,4.199,-0.0010000000000003,300.0,31,0.991949152542373,344.0,2.341
49,0.0,0.0,4.2,4.2,4.2,0.0,1148.4899999999907,97,4.2,4.199,-0.0010000000000003,300.0,31,0.9927966101694916,343.0,2.343
50,0.0,0.0,4.2,4.2,4.2,0.0,1183.2399999999907,101,4.2,4.199,-0.0010000000000003,300.0,31,0.9936440677966104,342.0,2.345
51,0.0,0.0,4.2,4.2,4.2,0.0,1112.2700000000186,94,4.2,4.199,-0.0010000000000003,300.0,31,0.9936440677966104,341.0,2.345
52,0.0,0.0,4.2,4.2,4.2,0.0,1273.970000000205,110,4.2,4.199,-0.0010000000000003,300.0,31,0.9940677966101696,340.0,2.346
53,0.0,0.0,4.2,4.2,4.2,0.0,1179.8499999998603,100,4.2,4.199,-0.0010000000000003,300.0,31,0.9940677966101696,339.0,2.346
54,0.0,0.0,4.2,4.2,4.2,0.0,1268.1400000001304,109,4.2,4.199,-0.0010000000000003,300.0,31,0.9940677966101696,338.0,2.346
55,0.0,0.0,4.2,4.2,4.2,0.0,1196.0,102,4.2,4.199,-0.0010000000000003,300.0,31,0.9940677966101696,337.0,2.346
56,0.0,0.0,4.2,4.2,4.2,0.0,1178.3200000000652,100,4.2,4.199,-0.0010000000000003,300.0,31,0.9940677966101696,336.0,2.346
57,0.0,0.0,4.2,4.2,4.2,0.0,1169.5,99,4.2,4.199,-0.0010000000000003,300.0,31,0.9940677966101696,335.0,2.346
58,0.0,0.0,4.2,4.2,4.2,0.0,1236.9299999999348,106,4.2,4.199,-0.0010000000000003,300.0,31,0.9940677966101696,334.0,2.346
59,0.0,0.0,4.2,4.2,4.2,0.0,1196.2600000000093,102,4.2,4.199,-0.0010000000000003,300.0,31,0.9940677966101696,333.0,2.346
60,0.0,0.0,4.2,4.2,4.2,0.0,1212.8900000001304,104,4.2,4.199,-0.0010000000000003,300.0,31,0.9936440677966104,332.0,2.345
61,0.0,0.0,4.2,4.2,4.2,0.0,1153.939999999944,98,4.2,4.199,-0.0010000000000003,300.0,31,0.9936440677966104,331.0,2.345
62,0.0,0.0,4.2,4.2,4.2,0.0,1241.5700000000652,107,4.2,4.199,-0.0010000000000003,300.0,31,0.9936440677966104,330.0,2.345
63,0.0,0.0,4.2,4.2,4.2,0.0,1152.219999999972,98,4.2,4.199,-0.0010000000000003,300.0,31,0.9932203389830508,329.0,2.344
64,0.0,0.0,4.2,4.2,4.2,0.0,1238.3200000000652,106,4.2,4.199,-0.0010000000000003,300.0,31,0.9932203389830508,328.0,2.344
65,0.0,0.0,4.2,4.2,4.2,0.0,1044.339999999851,87,4.2,4.199,-0.0010000000000003,300.0,31,0.9927966101694916,327.0,2.343
66,0.0,0.0,4.2,4.2,4.2,0.0,1213.7099999999627,104,4.2,4.199,-0.0010000000000003,300.0,31,0.9927966101694916,326.0,2.343
67,0.0,0.0,4.2,4.2,4.2,0.0,1047.1500000001397,87,4.2,4.199,-0.0010000000000003,300.0,31,0.9927966101694916,325.0,2.343
68,0.0,0.0,4.2,4.2,4.2,0.0,1137.9599999999627,96,4.2,4.199,-0.0010000000000003,300.0,31,0.9923728813559324,324.0,2.342
69,0.0,0.0,4.2,4.2,4.2,0.0,1204.8400000000838,103,4.2,4.199,-0.0010000000000003,300.0,31,0.9923728813559324,323.0,2.342
70,0.0,0.0,4.2,4.2,4.2,0.0,1187.089999999851,101,4.2,4.199,-0.0010000000000003,300.0,31,0.9923728813559324,322.0,2.342
71,0.0,0.0,4.2,4.2,4.2,0.0,1128.9500000001865,95,4.2,4.199,-0.0010000000000003,300.0,31,0.991949152542373,321.0,2.341
72,0.0,0.0,4.2,4.2,4.2,0.0,1238.6099999998696,106,4.2,4.199,-0.0010000000000003,300.0,31,0.991949152542373,320.0,2.341
73,0.0,0.0,4.2,4.2,4.2,0.0,1126.2100000001956,95,4.2,4.199,-0.0010000000000003,300.0,31,0.9915254237288136,319.0,2.34
74,0.0,0.0,4.2,4.2,4.2,0.0,1215.1999999999534,104,4.2,4.199,-0.0010000000000003,300.0,31,0.9915254237288136,318.0,2.34
75,0.0,0.0,4.2,4.2,4.2,0.0,1160.9199999999255,99,4.2,4.199,-0.0010000000000003,300.0,31,0.9915254237288136,317.0,2.34
76,0.0,0.0,4.2,4.2,4.2,0.0,1167.9199999999255,99,4.2,4.199,-0.0010000000000003,300.0,31,0.9911016949152542,316.0,2.339
77,0.0,0.0,4.2,4.2,4.2,0.0,1128.5500000000466,95,4.2,4.199,-0.0010000000000003,300.0,31,0.990677966101695,315.0,2.338
78,0.0,0.0,4.2,4.2,4.2,0.0,1124.190000000177,95,4.2,4.199,-0.0010000000000003,300.0,31,0.990677966101695,314.0,2.338
79,0.0,0.0,4.2,4.2,4.2,0.0,1240.719999999972,107,4.2,4.199,-0.0010000000000003,300.0,31,0.990677966101695,313.0,2.338
80,0.0,0.0,4.2,4.2,4.2,0.0,1137.9899999999907,96,4.2,4.199,-0.0010000000000003,300.0,31,0.9902542372881358,312.0,2.337
81,0.0,0.0,4.2,4.2,4.2,0.0,1202.1000000000931,103,4.2,4.199,-0.0010000000000003,300.0,31,0.9898305084745762,311.0,2.336
82,0.0,0.0,4.2,4.2,4.2,0.0,1160.219999999972,99,4.2,4.199,-0.0010000000000003,300.0,31,0.9898305084745762,310.0,2.336
83,0.0,0.0,4.2,4.2,4.2,0.0,1192.3700000001118,102,4.2,4.199,-0.0010000000000003,300.0,31,0.989406779661017,309.0,2.335
84,0.0,0.0,4.2,4.2,4.2,0.0,1158.6500000001397,98,4.2,4.199,-0.0010000000000003,300.0,31,0.989406779661017,308.0,2.335
85,0.0,0.0,4.2,4.2,4.2,0.0,1098.1000000000931,92,4.2,4.199,-0.0010000000000003,300.0,31,0.9889830508474576,307.0,2.334
86,0.0,0.0,4.2,4.2,4.2,0.0,1111.8499999998603,94,4.2,4.199,-0.0010000000000003,300.0,31,0.9889830508474576,306.0,2.334
87,0.0,0.0,4.2,4.2,4.2,0.0,1080.4199999999255,91,4.2,4.199,-0.0010000000000003,300.0,31,0.9885593220338984,305.0,2.333
88,0.0,0.0,4.2,4.2,4.2,0.0,1227.4300000001676,105,4.2,4.199,-0.0010000000000003,300.0,31,0.9885593220338984,304.0,2.333
89,0.0,0.0,4.2,4.2,4.2,0.0,1092.2700000000186,92,4.2,4.199,-0.0010000000000003,300.0,31,0.988135593220339,303.0,2.332
90,0.0,0.0,4.2,4.2,4.2,0.0,1123.6099999998696,95,4.2,4.199,-0.0010000000000003,300.0,31,0.988135593220339,302.0,2.332
91,0.0,0.0,4.2,4.2,4.2,0.0,1137.8700000001118,96,4.2,4.199,-0.0010000000000003,300.0,31,0.9877118644067796,301.0,2.331
92,0.0,0.0,4.2,4.2,4.2,0.0,1195.5400000000373,102,4.2,4.199,-0.0010000000000003,300.0,31,0.9877118644067796,300.0,2.331
93,0.0,0.0,4.2,4.2,4.2,0.0,1075.9599999999627,90,4.2,4.199,-0.0010000000000003,300.0,31,0.9872881355932204,299.0,2.33
94,0.0,0.0,4.2,4.2,4.2,0.0,1055.1400000001304,88,4.2,4.199,-0.0010000000000003,300.0,31,0.9868644067796613,298.0,2.329
95,0.0,0.0,4.2,4.2,4.2,0.0,1197.5100000000093,102,4.2,4.199,-0.0010000000000003,300.0,31,0.9868644067796613,297.0,2.329
96,0.0,0.0,4.2,4.2,4.2,0.0,1150.8500000000931,98,4.2,4.199,-0.0010000000000003,300.0,31,0.9864406779661016,296.0,2.328
97,0.0,0.0,4.2,4.2,4.2,0.0,1115.4799999999814,94,4.2,4.199,-0.0010000000000003,300.0,31,0.9864406779661016,295.0,2.328
98,0.0,0.0,4.2,4.2,4.2,0.0,1212.119999999879,104,4.2,4.199,-0.0010000000000003,300.0,31,0.9860169491525425,294.0,2.327
99,0.0,0.0,4.2,4.2,4.2,0.0,1141.6100000001024,97,4.2,4.199,-0.0010000000000003,300.0,31,0.9860169491525425,293.0,2.327
100,0.0,0.0,4.2,4.2,4.2,0.0,1261.3500000000931,109,4.2,4.199,-0.0010000000000003,300.0,31,0.9855932203389832,292.0,2.326
101,0.0,0.0,4.2,4.2,4.2,0.0,1093.059999999823,92,4.2,4.199,-0.0010000000000003,300.0,31,0.985169491525424,291.0,2.325
102,0.0,0.0,4.2,4.2,4.2,0.0,1171.310000000056,100,4.2,4.199,-0.0010000000000003,300.0,31,0.985169491525424,290.0,2.325
103,0.0,0.0,4.2,4.2,4.2,0.0,1148.0700000000652,97,4.2,4.199,-0.0010000000000003,300.0,31,0.9847457627118644,289.0,2.324
104,0.0,0.0,4.2,4.2,4.2,0.0,1124.5100000000093,95,4.2,4.199,-0.0010000000000003,300.0,31,0.9847457627118644,288.0,2.324
105,0.0,0.0,4.2,4.2,4.2,0.0,1102.2299999999814,93,4.2,4.199,-0.0010000000000003,300.0,31,0.9843220338983052,287.0,2.323
106,0.0,0.0,4.2,4.2,4.2,0.0,1127.75,95,4.2,4.199,-0.0010000000000003,300.0,31,0.9843220338983052,286.0,2.323
107,0.0,0.0,4.2,4.2,4.2,0.0,1113.2299999999814,94,4.2,4.199,-0.0010000000000003,300.0,31,0.983898305084746,285.0,2.322
108,0.0,0.0,4.2,4.2,4.2,0.0,1123.6699999999255,95,4.2,4.199,-0.0010000000000003,300.0,31,0.9834745762711866,284.0,2.321
109,0.0,0.0,4.2,4.2,4.2,0.0,1107.719999999972,93,4.2,4.199,-0.0010000000000003,300.0,31,0.9834745762711866,283.0,2.321
110,0.0,0.0,4.2,4.2,4.2,0.0,1090.3299999998417,92,4.2,4.199,-0.0010000000000003,300.0,31,0.983050847457627,282.0,2.32
111,0.0,0.0,4.2,4.2,4.2,0.0,1022.2299999999814,85,4.2,4.199,-0.0010000000000003,300.0,31,0.9826271186440678,281.0,2.319
112,0.0,0.0,4.2,4.2,4.2,0.0,1181.410000000149,101,4.2,4.199,-0.0010000000000003,300.0,31,0.9826271186440678,280.0,2.319
113,0.0,0.0,4.2,4.2,4.2,0.0,1125.6999999999534,95,4.2,4.199,-0.0010000000000003,300.0,31,0.9822033898305086,279.0,2.318
114,0.0,0.0,4.2,4.2,4.2,0.0,1085.0399999998044,91,4.2,4.199,-0.0010000000000003,300.0,31,0.9822033898305086,278.0,2.318
115,0.0,0.0,4.2,4.2,4.2,0.0,1159.2700000000186,98,4.2,4.199,-0.0010000000000003,300.0,31,0.9817796610169492,277.0,2.317
116,0.0,0.0,4.2,4.2,4.2,0.0,1156.3999999999069,98,4.2,4.199,-0.0010000000000003,300.0,31,0.9817796610169492,276.0,2.317
117,0.0,0.0,4.2,4.2,4.2,0.0,1174.5500000000466,100,4.2,4.199,-0.0010000000000003,300.0,31,0.9813559322033898,275.0,2.316
118,0.0,0.0,4.2,4.2,4.2,0.0,1115.6599999999162,94,4.2,4.199,-0.0010000000000003,300.0,31,0.9809322033898306,274.0,2.315
119,0.0,0.0,4.2,4.2,4.2,0.0,1087.219999999972,91,4.2,4.199,-0.0010000000000003,300.0,31,0.9805084745762712,273.0,2.314
120,0.0,0.0,4.2,4.2,4.2,0.0,1125.439999999944,95,4.2,4.199,-0.0010000000000003,300.0,31,0.9805084745762712,272.0,2.314
121,0.0,0.0,4.2,4.2,4.2,0.0,1140.3400000000838,97,4.2,4.199,-0.0010000000000003,300.0,31,0.980084745762712,271.0,2.313
122,0.0,0.0,4.2,4.2,4.2,0.0,1127.9899999999907,95,4.2,4.199,-0.0010000000000003,300.0,31,0.980084745762712,270.0,2.313
123,0.0,0.0,4.2,4.2,4.2,0.0,1140.4899999999907,97,4.2,4.199,-0.0010000000000003,300.0,31,0.9796610169491524,269.0,2.312
124,0.0,0.0,4.2,4.2,4.2,0.0,1149.4499999999534,97,4.2,4.199,-0.0010000000000003,300.0,31,0.9796610169491524,268.0,2.312
125,0.0,0.0,4.2,4.2,4.2,0.0,1123.9799999999814,95,4.2,4.199,-0.0010000000000003,300.0,31,0.9792372881355932,267.0,2.311
126,0.0,0.0,4.2,4.2,4.2,0.0,1131.3900000001304,96,4.2,4.199,-0.0010000000000003,300.0,31,0.978813559322034,266.0,2.31
127,0.0,0.0,4.2,4.2,4.2,0.0,1086.3899999998976,91,4.2,4.199,-0.0010000000000003,300.0,31,0.9783898305084748,265.0,2.309
128,0.0,0.0,4.2,4.2,4.2,0.0,1169.6599999999162,99,4.2,4.199,-0.0010000000000003,300.0,31,0.9783898305084748,264.0,2.309
129,0.0,0.0,4.2,4.2,4.2,0.0,1114.8499999998603,94,4.2,4.199,-0.0010000000000003,300.0,31,0.9779661016949152,263.0,2.308
130,0.0,0.0,4.2,4.2,4.2,0.0,1185.6799999999348,101,4.2,4.199,-0.0010000000000003,300.0,31,0.9779661016949152,262.0,2.308
131,0.0,0.0,4.2,4.2,4.2,0.0,1111.189999999944,94,4.2,4.199,-0.0010000000000003,300.0,31,0.977542372881356,261.0,2.307
132,0.0,0.0,4.2,4.2,4.2,0.0,1100.8199999998324,93,4.2,4.199,-0.0010000000000003,300.0,31,0.9771186440677968,260.0,2.306
133,0.0,0.0,4.2,4.2,4.2,0.0,1115.8200000000652,94,4.2,4.199,-0.0010000000000003,300.0,31,0.9766949152542376,259.0,2.305
134,0.0,0.0,4.2,4.2,4.2,0.0,1198.8499999998603,102,4.2,4.199,-0.0010000000000003,300.0,31,0.9766949152542376,258.0,2.305
135,0.0,0.0,4.2,4.2,4.2,0.0,1040.9300000001676,87,4.2,4.199,-0.0010000000000003,300.0,31,0.976271186440678,257.0,2.304
136,0.0,0.0,4.2,4.2,4.2,0.0,1125.1399999998976,95,4.2,4.199,-0.0010000000000003,300.0,31,0.976271186440678,256.0,2.304
137,0.0,0.0,4.2,4.2,4.2,0.0,1025.4299999999348,85,4.2,4.199,-0.0010000000000003,300.0,31,0.9758474576271188,255.0,2.303
138,0.0,0.0,4.2,4.2,4.2,0.0,1162.7700000000186,99,4.2,4.199,-0.0010000000000003,300.0,31,0.9758474576271188,254.0,2.303
139,0.0,0.0,4.2,4.2,4.2,0.0,1157.589999999851,98,4.2,4.199,-0.0010000000000003,300.0,31,0.9754237288135594,253.0,2.302
140,0.0,0.0,4.2,4.2,4.2,0.0,1028.1000000000931,85,4.2,4.199,-0.0010000000000003,300.0,31,0.975,252.0,2.301
141,0.0,0.0,4.2,4.2,4.2,0.0,1182.5399999998044,101,4.2,4.199,-0.0010000000000003,300.0,31,0.975,251.0,2.301
142,0.0,0.0,4.2,4.2,4.2,0.0,1111.7700000000186,94,4.2,4.199,-0.0010000000000003,300.0,31,0.9745762711864406,250.0,2.3
143,0.0,0.0,4.2,4.2,4.2,0.0,1159.5400000000373,98,4.2,4.199,-0.0010000000000003,300.0,31,0.9741525423728814,249.0,2.299
144,0.0,0.0,4.2,4.2,4.2,0.0,1147.160000000149,97,4.2,4.199,-0.0010000000000003,300.0,31,0.973728813559322,248.0,2.298
145,0.0,0.0,4.2,4.2,4.2,0.0,1156.9799999999814,98,4.2,4.199,-0.0010000000000003,300.0,31,0.973728813559322,247.0,2.298
146,0.0,0.0,4.2,4.2,4.2,0.0,1124.719999999972,95,4.2,4.199,-0.0010000000000003,300.0,31,0.9733050847457628,246.0,2.297
147,0.0,0.0,4.2,4.2,4.2,0.0,1061.3599999998696,89,4.2,4.199,-0.0010000000000003,300.0,31,0.9652542372881356,245.0,2.278
148,0.0,0.0,4.2,4.2,4.2,0.0,1149.4799999999814,97,4.2,4.199,-0.0010000000000003,300.0,31,0.9661016949152542,244.0,2.28
149,0.0,0.0,4.2,4.2,4.2,0.0,1125.6200000001118,95,4.2,4.199,-0.0010000000000003,300.0,31,0.9665254237288136,243.0,2.281
150,0.0,0.0,4.2,4.2,4.2,0.0,1133.0400000000373,96,4.2,4.199,-0.0010000000000003,300.0,31,0.9665254237288136,242.0,2.281
151,0.0,0.0,4.2,4.2,4.2,0.0,1169.880000000354,99,4.2,4.199,-0.0010000000000003,300.0,31,0.9665254237288136,241.0,2.281
152,0.0,0.0,4.2,4.2,4.2,0.0,1112.9799999999814,94,4.2,4.199,-0.0010000000000003,300.0,31,0.9665254237288136,240.0,2.281
153,0.0,0.0,4.2,4.2,4.2,0.0,1115.089999999851,94,4.2,4.199,-0.0010000000000003,300.0,31,0.9665254237288136,239.0,2.281
154,0.0,0.0,4.2,4.2,4.2,0.0,1101.0099999997765,93,4.2,4.199,-0.0010000000000003,300.0,31,0.9665254237288136,238.0,2.281
155,0.0,0.0,4.2,4.2,4.2,0.0,1087.5200000000186,91,4.2,4.199,-0.0010000000000003,300.0,31,0.9661016949152542,237.0,2.28
156,0.0,0.0,4.2,4.2,4.2,0.0,1192.929999999702,102,4.2,4.199,-0.0010000000000003,300.0,31,0.9661016949152542,236.0,2.28
157,0.0,0.0,4.2,4.2,4.2,0.0,1104.4599999999627,93,4.2,4.199,-0.0010000000000003,300.0,31,0.965677966101695,235.0,2.279
158,0.0,0.0,4.2,4.2,4.2,0.0,1149.410000000149,97,4.2,4.199,-0.0010000000000003,300.0,31,0.965677966101695,234.0,2.279
159,0.0,0.0,4.2,4.2,4.2,0.0,1143.1499999999069,97,4.2,4.199,-0.0010000000000003,300.0,31,0.9652542372881356,233.0,2.278
160,0.0,0.0,4.2,4.2,4.2,0.0,1110.7000000001865,94,4.2,4.199,-0.0010000000000003,300.0,31,0.9648305084745764,232.0,2.277
161,0.0,0.0,4.2,4.2,4.2,0.0,1138.1699999999255,96,4.2,4.199,-0.0010000000000003,300.0,31,0.9648305084745764,231.0,2.277
162,0.0,0.0,4.2,4.2,4.2,0.0,1132.5,96,4.2,4.199,-0.0010000000000003,300.0,31,0.964406779661017,230.0,2.276
163,0.0,0.0,4.2,4.2,4.2,0.0,1181.7299999999814,101,4.2,4.199,-0.0010000000000003,300.0,31,0.964406779661017,229.0,2.276
164,0.0,0.0,4.2,4.2,4.2,0.0,1218.0,104,4.2,4.199,-0.0010000000000003,300.0,31,0.9639830508474576,228.0,2.275
165,0.0,0.0,4.2,4.2,4.2,0.0,1122.4799999999814,95,4.2,4.199,-0.0010000000000003,300.0,31,0.9635593220338984,227.0,2.274
166,0.0,0.0,4.2,4.2,4.2,0.0,1138.8599999998696,96,4.2,4.199,-0.0010000000000003,300.0,31,0.9635593220338984,226.0,2.274
167,0.0,0.0,4.2,4.2,4.2,0.0,1099.2999999998135,92,4.2,4.199,-0.0010000000000003,300.0,31,0.963135593220339,225.0,2.273
168,0.0,0.0,4.2,4.2,4.2,0.0,1114.6299999998882,94,4.2,4.199,-0.0010000000000003,300.0,31,0.9627118644067796,224.0,2.272
169,0.0,0.0,4.2,4.2,4.2,0.0,1137.5200000000186,96,4.2,4.199,-0.0010000000000003,300.0,31,0.9622881355932204,223.0,2.271
170,0.0,0.0,4.2,4.2,4.2,0.0,1148.0099999997765,97,4.2,4.199,-0.0010000000000003,300.0,31,0.9622881355932204,222.0,2.271
171,0.0,0.0,4.2,4.2,4.2,0.0,1112.0099999997765,94,4.2,4.199,-0.0010000000000003,300.0,31,0.9618644067796612,221.0,2.27
172,0.0,0.0,4.2,4.2,4.2,0.0,1147.9799999999814,97,4.2,4.199,-0.0010000000000003,300.0,31,0.9618644067796612,220.0,2.27
173,0.0,0.0,4.2,4.2,4.2,0.0,1181.4599999999627,101,4.2,4.199,-0.0010000000000003,300.0,31,0.9614406779661018,219.0,2.269
174,0.0,0.0,4.2,4.2,4.2,0.0,1144.970000000205,97,4.2,4.199,-0.0010000000000003,300.0,31,0.9610169491525424,218.0,2.268
175,0.0,0.0,4.2,4.2,4.2,0.0,1137.1499999999069,96,4.2,4.199,-0.0010000000000003,300.0,31,0.9605932203389832,217.0,2.267
176,0.0,0.0,4.2,4.2,4.2,0.0,1191.119999999646,102,4.2,4.199,-0.0010000000000003,300.0,31,0.9605932203389832,216.0,2.267
177,0.0,0.0,4.2,4.2,4.2,0.0,1150.739999999758,98,4.2,4.199,-0.0010000000000003,300.0,31,0.9601694915254236,215.0,2.266
178,0.0,0.0,4.2,4.2,4.2,0.0,1138.4500000001865,96,4.2,4.199,-0.0010000000000003,300.0,31,0.9597457627118644,214.0,2.265
179,0.0,0.0,4.2,4.2,4.2,0.0,1096.929999999702,92,4.2,4.199,-0.0010000000000003,300.0,31,0.9593220338983052,213.0,2.264
180,0.0,0.0,4.2,4.2,4.2,0.0,1136.0200000000186,96,4.2,4.199,-0.0010000000000003,300.0,31,0.9593220338983052,212.0,2.264
181,0.0,0.0,4.2,4.2,4.2,0.0,1178.060000000056,100,4.2,4.199,-0.0010000000000003,300.0,31,0.9588983050847456,211.0,2.263
182,0.0,0.0,4.2,4.2,4.2,0.0,1186.939999999944,101,4.2,4.199,-0.0010000000000003,300.0,31,0.9588983050847456,210.0,2.263
183,0.0,0.0,4.2,4.2,4.2,0.0,1130.0,95,4.2,4.199,-0.0010000000000003,300.0,31,0.9584745762711864,209.0,2.262
184,0.0,0.0,4.2,4.2,4.2,0.0,1165.9500000001865,99,4.2,4.199,-0.0010000000000003,300.0,31,0.9580508474576273,208.0,2.261
185,0.0,0.0,4.2,4.2,4.2,0.0,1131.7800000002608,96,4.2,4.199,-0.0010000000000003,300.0,31,0.9576271186440678,207.0,2.26
186,0.0,0.0,4.2,4.2,4.2,0.0,1097.2599999997765,92,4.2,4.199,-0.0010000000000003,300.0,31,0.9572033898305085,206.0,2.259
187,0.0,0.0,4.2,4.2,4.2,0.0,1120.1999999997206,95,4.2,4.199,-0.0010000000000003,300.0,31,0.9572033898305085,205.0,2.259
188,0.0,0.0,4.2,4.2,4.2,0.0,1132.6599999996834,96,4.2,4.199,-0.0010000000000003,300.0,31,0.9567796610169492,204.0,2.258
189,0.0,0.0,4.2,4.2,4.2,0.0,1241.7099999999627,107,4.2,4.199,-0.0010000000000003,300.0,31,0.9567796610169492,203.0,2.258
190,0.0,0.0,4.2,4.2,4.2,0.0,1168.6999999997206,99,4.2,4.199,-0.0010000000000003,300.0,31,0.95635593220339,202.0,2.257
191,0.0,0.0,4.2,4.2,4.2,0.0,1157.5799999996088,98,4.2,4.199,-0.0010000000000003,300.0,31,0.9559322033898304,201.0,2.256
192,0.0,0.0,4.2,4.2,4.2,0.0,1089.25,91,4.2,4.199,-0.0010000000000003,300.0,31,0.9555084745762712,200.0,2.255
193,0.0,0.0,4.2,4.2,4.2,0.0,1099.8199999998324,92,4.2,4.199,-0.0010000000000003,300.0,31,0.9555084745762712,199.0,2.255
194,0.0,0.0,4.2,4.2,4.2,0.0,1109.4900000002235,93,4.2,4.199,-0.0010000000000003,300.0,31,0.955084745762712,198.0,2.254
195,0.0,0.0,4.2,4.2,4.2,0.0,1184.6999999997206,101,4.2,4.199,-0.0010000000000003,300.0,31,0.9546610169491526,197.0,2.253
196,0.0,0.0,4.2,4.2,4.2,0.0,1181.189999999944,101,4.2,4.199,-0.0010000000000003,300.0,31,0.9546610169491526,196.0,2.253
197,0.0,0.0,4.2,4.2,4.2,0.0,1173.7000000001865,100,4.2,4.199,-0.0010000000000003,300.0,31,0.9542372881355932,195.0,2.252
198,0.0,0.0,4.2,4.2,4.2,0.0,1096.0800000000745,92,4.2,4.199,-0.0010000000000003,300.0,31,0.953813559322034,194.0,2.251
199,0.0,0.0,4.2,4.2,4.2,0.0,1187.470000000205,101,4.2,4.199,-0.0010000000000003,300.0,31,0.9533898305084746,193.0,2.25
200,0.0,0.0,4.2,4.2,4.2,0.0,1179.2400000002235,100,4.2,4.199,-0.0010000000000003,300.0,31,0.9533898305084746,192.0,2.25
201,0.0,0.0,4.2,4.2,4.2,0.0,1135.939999999944,96,4.2,4.199,-0.0010000000000003,300.0,31,0.9529661016949154,191.0,2.249
202,0.0,0.0,4.2,4.2,4.2,0.0,1175.839999999851,100,4.2,4.199,-0.0010000000000003,300.0,31,0.952542372881356,190.0,2.248
203,0.0,0.0,4.2,4.2,4.2,0.0,1157.7999999998135,98,4.2,4.199,-0.0010000000000003,300.0,31,0.9521186440677966,189.0,2.247
204,0.0,0.0,4.2,4.2,4.2,0.0,1140.510000000242,97,4.2,4.199,-0.0010000000000003,300.0,31,0.9521186440677966,188.0,2.247
205,0.0,0.0,4.2,4.2,4.2,0.0,1238.2299999999814,106,4.2,4.199,-0.0010000000000003,300.0,31,0.9516949152542372,187.0,2.246
206,0.0,0.0,4.2,4.2,4.2,0.0,1185.3900000001304,101,4.2,4.199,-0.0010000000000003,300.0,31,0.951271186440678,186.0,2.245
207,0.0,0.0,4.2,4.2,4.2,0.0,1207.939999999944,103,4.2,4.199,-0.0010000000000003,300.0,31,0.951271186440678,185.0,2.245
208,0.0,0.0,4.2,4.2,4.2,0.0,1220.9799999999814,105,4.2,4.199,-0.0010000000000003,300.0,31,0.9508474576271188,184.0,2.244
209,0.0,0.0,4.2,4.2,4.2,0.0,1190.4500000001865,102,4.2,4.199,-0.0010000000000003,300.0,31,0.9504237288135592,183.0,2.243
210,0.0,0.0,4.2,4.2,4.2,0.0,1067.0900000003166,89,4.2,4.199,-0.0010000000000003,300.0,31,0.95,182.0,2.242
211,0.0,0.0,4.2,4.2,4.2,0.0,1146.5699999998324,97,4.2,4.199,-0.0010000000000003,300.0,31,0.95,181.0,2.242
212,0.0,0.0,4.2,4.2,4.2,0.0,1208.6400000001304,103,4.2,4.199,-0.0010000000000003,300.0,31,0.9495762711864408,180.0,2.241
213,0.0,0.0,4.2,4.2,4.2,0.0,1145.5400000000373,97,4.2,4.199,-0.0010000000000003,300.0,31,0.9491525423728816,179.0,2.24
214,0.0,0.0,4.2,4.2,4.2,0.0,1167.7700000000186,99,4.2,4.199,-0.0010000000000003,300.0,31,0.948728813559322,178.0,2.239
215,0.0,0.0,4.2,4.2,4.2,0.0,1185.1299999998882,101,4.2,4.199,-0.0010000000000003,300.0,31,0.948728813559322,177.0,2.239
216,0.0,0.0,4.2,4.2,4.2,0.0,1201.439999999944,103,4.2,4.199,-0.0010000000000003,300.0,31,0.9483050847457628,176.0,2.238
217,0.0,0.0,4.2,4.2,4.2,0.0,1194.6500000003723,102,4.2,4.199,-0.0010000000000003,300.0,31,0.9478813559322036,175.0,2.237
218,0.0,0.0,4.2,4.2,4.2,0.0,1138.320000000298,96,4.2,4.199,-0.0010000000000003,300.0,31,0.9474576271186442,174.0,2.236
219,0.0,0.0,4.2,4.2,4.2,0.0,1157.2900000000373,98,4.2,4.199,-0.0010000000000003,300.0,31,0.9470338983050848,173.0,2.235
220,0.0,0.0,4.2,4.2,4.2,0.0,1181.9000000003723,101,4.2,4.199,-0.0010000000000003,300.0,31,0.9470338983050848,172.0,2.235
221,0.0,0.0,4.2,4.2,4.2,0.0,1141.4300000001676,97,4.2,4.199,-0.0010000000000003,300.0,31,0.9466101694915254,171.0,2.234
222,0.0,0.0,4.2,4.2,4.2,0.0,1151.1299999998882,98,4.2,4.199,-0.0010000000000003,300.0,31,0.9461864406779662,170.0,2.233
223,0.0,0.0,4.2,4.2,4.2,0.0,1179.439999999944,100,4.2,4.199,-0.0010000000000003,300.0,31,0.9461864406779662,169.0,2.233
224,0.0,0.0,4.2,4.2,4.2,0.0,1136.5400000000373,96,4.2,4.199,-0.0010000000000003,300.0,31,0.9453389830508474,168.0,2.231
225,0.0,0.0,4.2,4.2,4.2,0.0,1187.8799999998882,101,4.2,4.199,-0.0010000000000003,300.0,31,0.9453389830508474,167.0,2.231
226,0.0,0.0,4.2,4.2,4.2,0.0,1157.7800000002608,98,4.2,4.199,-0.0010000000000003,300.0,31,0.9449152542372882,166.0,2.23
227,0.0,0.0,4.2,4.2,4.2,0.0,1169.189999999944,99,4.2,4.199,-0.0010000000000003,300.0,31,0.9444915254237288,165.0,2.229
228,0.0,0.0,4.2,4.2,4.2,0.0,1244.320000000298,107,4.2,4.199,-0.0010000000000003,300.0,31,0.9444915254237288,164.0,2.229
229,0.0,0.0,4.2,4.2,4.2,0.0,1194.880000000354,102,4.2,4.199,-0.0010000000000003,300.0,31,0.9440677966101696,163.0,2.228
230,0.0,0.0,4.2,4.2,4.2,0.0,1235.3999999999069,106,4.2,4.199,-0.0010000000000003,300.0,31,0.94364406779661,162.0,2.227
231,0.0,0.0,4.2,4.2,4.2,0.0,1181.439999999944,101,4.2,4.199,-0.0010000000000003,300.0,31,0.9432203389830508,161.0,2.226
232,0.0,0.0,4.2,4.2,4.2,0.0,1157.3400000003166,98,4.2,4.199,-0.0010000000000003,300.0,31,0.9427966101694916,160.0,2.225
233,0.0,0.0,4.2,4.2,4.2,0.0,1271.3199999998324,110,4.2,4.199,-0.0010000000000003,300.0,31,0.9427966101694916,159.0,2.225
234,0.0,0.0,4.2,4.2,4.2,0.0,1146.2700000000186,97,4.2,4.199,-0.0010000000000003,300.0,31,0.9419491525423728,158.0,2.223
235,0.0,0.0,4.2,4.2,4.2,0.0,1150.3500000000931,98,4.2,4.199,-0.0010000000000003,300.0,31,0.9419491525423728,157.0,2.223
236,0.0,0.0,4.2,4.2,4.2,0.0,1218.7099999999627,104,4.2,4.199,-0.0010000000000003,300.0,31,0.9415254237288136,156.0,2.222
237,0.0,0.0,4.2,4.2,4.2,0.0,1187.529999999795,101,4.2,4.199,-0.0010000000000003,300.0,31,0.9411016949152544,155.0,2.221
238,0.0,0.0,4.2,4.2,4.2,0.0,1190.810000000056,102,4.2,4.199,-0.0010000000000003,300.0,31,0.9411016949152544,154.0,2.221
239,0.0,0.0,4.2,4.2,4.2,0.0,1216.6500000003723,104,4.2,4.199,-0.0010000000000003,300.0,31,0.9406779661016952,153.0,2.22
240,0.0,0.0,4.2,4.2,4.2,0.0,1118.8799999998882,94,4.2,4.199,-0.0010000000000003,300.0,31,0.9402542372881356,152.0,2.219
241,0.0,0.0,4.2,4.2,4.2,0.0,1318.560000000056,114,4.2,4.199,-0.0010000000000003,300.0,31,0.9402542372881356,151.0,2.219
242,0.0,0.0,4.2,4.2,4.2,0.0,1147.720000000205,97,4.2,4.199,-0.0010000000000003,300.0,31,0.939406779661017,150.0,2.217
243,0.0,0.0,4.2,4.2,4.2,0.0,1196.1299999998882,102,4.2,4.199,-0.0010000000000003,300.0,31,0.9389830508474578,149.0,2.216
244,0.0,0.0,4.2,4.2,4.2,0.0,1152.5699999998324,98,4.2,4.199,-0.0010000000000003,300.0,31,0.9385593220338982,148.0,2.215
245,0.0,0.0,4.2,4.2,4.2,0.0,1268.869999999646,109,4.2,4.199,-0.0010000000000003,300.0,31,0.938135593220339,147.0,2.214
246,0.0,0.0,4.2,4.2,4.2,0.0,1177.739999999758,100,4.2,4.199,-0.0010000000000003,300.0,31,0.9351694915254236,146.0,2.207
247,0.0,0.0,4.2,4.2,4.2,0.0,1206.489999999758,103,4.2,4.199,-0.0010000000000003,300.0,31,0.9347457627118644,145.0,2.206
248,0.0,0.0,4.2,4.2,4.2,0.0,1169.1299999998882,99,4.2,4.199,-0.0010000000000003,300.0,31,0.9343220338983051,144.0,2.205
249,0.0,0.0,4.2,4.2,4.2,0.0,1166.5300000002608,99,4.2,4.199,-0.0010000000000003,300.0,31,0.9343220338983051,143.0,2.205
250,0.0,0.0,4.2,4.2,4.2,0.0,1194.5499999998135,102,4.2,4.199,-0.0010000000000003,300.0,31,0.933898305084746,142.0,2.204
251,0.0,0.0,4.2,4.2,4.2,0.0,1213.6000000000931,104,4.2,4.199,-0.0010000000000003,300.0,31,0.9334745762711864,141.0,2.203
252,0.0,0.0,4.2,4.2,4.2,0.0,1285.8900000001304,111,4.2,4.199,-0.0010000000000003,300.0,31,0.9330508474576272,140.0,2.202
253,0.0,0.0,4.2,4.2,4.2,0.0,1235.660000000149,106,4.2,4.199,-0.0010000000000003,300.0,31,0.932627118644068,139.0,2.201
254,0.0,0.0,4.2,4.2,4.2,0.0,1218.5300000002608,104,4.2,4.199,-0.0010000000000003,300.0,31,0.9322033898305084,138.0,2.2
255,0.0,0.0,4.2,4.2,4.2,0.0,1233.5,106,4.2,4.199,-0.0010000000000003,300.0,31,0.9317796610169492,137.0,2.199
256,0.0,0.0,4.2,4.2,4.2,0.0,1231.9200000003912,106,4.2,4.199,-0.0010000000000003,300.0,31,0.9309322033898306,136.0,2.197
257,0.0,0.0,4.2,4.2,4.2,0.0,1228.2599999997765,105,4.2,4.199,-0.0010000000000003,300.0,31,0.9305084745762712,135.0,2.196
258,0.0,0.0,4.2,4.2,4.2,0.0,1290.160000000149,112,4.2,4.199,-0.0010000000000003,300.0,31,0.9300847457627118,134.0,2.195
259,0.0,0.0,4.2,4.2,4.2,0.0,1328.75,115,4.2,4.199,-0.0010000000000003,300.0,31,0.9296610169491526,133.0,2.194
260,0.0,0.0,4.2,4.2,4.2,0.0,1356.3599999998696,118,4.2,4.199,-0.0010000000000003,300.0,31,0.9292372881355933,132.0,2.193
261,0.0,0.0,4.2,4.2,4.2,0.0,1276.589999999851,110,4.2,4.199,-0.0010000000000003,300.0,31,0.928813559322034,131.0,2.192
262,0.0,0.0,4.2,4.2,4.2,0.0,1235.7599999997765,106,4.2,4.199,-0.0010000000000003,300.0,31,0.9283898305084746,130.0,2.191
263,0.0,0.0,4.2,4.2,4.2,0.0,1322.9900000002235,115,4.2,4.199,-0.0010000000000003,300.0,31,0.9279661016949152,129.0,2.19
264,0.0,0.0,4.2,4.2,4.2,0.0,1336.8500000000931,116,4.2,4.199,-0.0010000000000003,300.0,31,0.9271186440677968,128.0,2.188
265,0.0,0.0,4.2,4.2,4.2,0.0,1279.9300000001676,110,4.2,4.199,-0.0010000000000003,300.0,31,0.9266949152542372,127.0,2.187
266,0.0,0.0,4.2,4.2,4.2,0.0,1347.510000000242,117,4.2,4.199,-0.0010000000000003,300.0,31,0.926271186440678,126.0,2.186
267,0.0,0.0,4.2,4.2,4.2,0.0,1290.5200000000186,112,4.2,4.199,-0.0010000000000003,300.0,31,0.9258474576271188,125.0,2.185
268,0.0,0.0,4.2,4.2,4.2,0.0,1268.7000000001865,109,4.2,4.199,-0.0010000000000003,300.0,31,0.9254237288135594,124.0,2.184
269,0.0,0.0,4.2,4.2,4.2,0.0,1277.9199999999255,110,4.2,4.199,-0.0010000000000003,300.0,31,0.9245762711864408,123.0,2.182
270,0.0,0.0,4.2,4.2,4.2,0.0,1344.7199999997392,117,4.2,4.199,-0.0010000000000003,300.0,31,0.9245762711864408,122.0,2.182
271,0.0,0.0,4.2,4.2,4.2,0.0,1305.3900000001304,113,4.2,4.199,-0.0010000000000003,300.0,31,0.923728813559322,121.0,2.18
272,0.0,0.0,4.2,4.2,4.2,0.0,1310.9599999999627,114,4.2,4.199,-0.0010000000000003,300.0,31,0.9233050847457628,120.0,2.179
273,0.0,0.0,4.2,4.2,4.2,0.0,1251.2400000002235,108,4.2,4.199,-0.0010000000000003,300.0,31,0.9228813559322034,119.0,2.178
274,0.0,0.0,4.2,4.2,4.2,0.0,1280.1700000003912,111,4.2,4.199,-0.0010000000000003,300.0,31,0.922457627118644,118.0,2.177
275,0.0,0.0,4.2,4.2,4.2,0.0,1371.8199999998324,120,4.2,4.199,-0.0010000000000003,300.0,31,0.9220338983050848,117.0,2.176
276,0.0,0.0,4.2,4.2,4.2,0.0,1309.7700000000186,113,4.2,4.199,-0.0010000000000003,300.0,31,0.921186440677966,116.0,2.174
277,0.0,0.0,4.2,4.2,4.2,0.0,1402.6099999998696,123,4.2,4.199,-0.0010000000000003,300.0,31,0.9207627118644068,115.0,2.173
278,0.0,0.0,4.2,4.2,4.2,0.0,1388.3600000003353,121,4.2,4.199,-0.0010000000000003,300.0,31,0.9203389830508476,114.0,2.172
279,0.0,0.0,4.2,4.2,4.2,0.0,1249.560000000056,107,4.2,4.199,-0.0010000000000003,300.0,31,0.9194915254237288,113.0,2.17
280,0.0,0.0,4.2,4.2,4.2,0.0,1324.25,115,4.2,4.199,-0.0010000000000003,300.0,31,0.9194915254237288,112.0,2.17
281,0.0,0.0,4.2,4.2,4.2,0.0,1338.5400000000373,116,4.2,4.199,-0.0010000000000003,300.0,31,0.9186440677966102,111.0,2.168
282,0.0,0.0,4.2,4.2,4.2,0.0,1382.0500000002794,121,4.2,4.199,-0.0010000000000003,300.0,31,0.9182203389830508,110.0,2.167
283,0.0,0.0,4.2,4.2,4.2,0.0,1392.2400000002235,122,4.2,4.199,-0.0010000000000003,300.0,31,0.9177966101694915,109.0,2.166
284,0.0,0.0,4.2,4.2,4.2,0.0,1281.0,111,4.2,4.199,-0.0010000000000003,300.0,31,0.9173728813559324,108.0,2.165
285,0.0,0.0,4.2,4.2,4.2,0.0,1377.529999999795,120,4.2,4.199,-0.0010000000000003,300.0,31,0.916949152542373,107.0,2.164
286,0.0,0.0,4.2,4.2,4.2,0.0,1312.660000000149,114,4.2,4.199,-0.0010000000000003,300.0,31,0.9161016949152544,106.0,2.162
287,0.0,0.0,4.2,4.2,4.2,0.0,1386.220000000205,121,4.2,4.199,-0.0010000000000003,300.0,31,0.9156779661016948,105.0,2.161
288,0.0,0.0,4.2,4.2,4.2,0.0,1372.3999999999069,120,4.2,4.199,-0.0010000000000003,300.0,31,0.9152542372881356,104.0,2.16
289,0.0,0.0,4.2,4.2,4.2,0.0,1392.6999999997206,122,4.2,4.199,-0.0010000000000003,300.0,31,0.9144067796610168,103.0,2.158
290,0.0,0.0,4.2,4.2,4.2,0.0,1354.7299999999814,118,4.2,4.199,-0.0010000000000003,300.0,31,0.9139830508474576,102.0,2.157
291,0.0,0.0,4.2,4.2,4.2,0.0,1415.7700000000186,124,4.2,4.199,-0.0010000000000003,300.0,31,0.9135593220338984,101.0,2.156
292,0.0,0.0,4.2,4.2,4.2,0.0,1356.3600000003353,118,4.2,4.199,-0.0010000000000003,300.0,31,0.9127118644067796,100.0,2.154
293,0.0,0.0,4.2,4.2,4.2,0.0,1466.25,129,4.2,4.199,-0.0010000000000003,300.0,31,0.9122881355932204,99.0,2.153
294,0.0,0.0,4.2,4.2,4.2,0.0,1393.2000000001865,122,4.2,4.199,-0.0010000000000003,300.0,31,0.9118644067796612,98.0,2.152
295,0.0,0.0,4.2,4.2,4.2,0.0,1346.2099999999627,117,4.2,4.199,-0.0010000000000003,300.0,31,0.9110169491525424,97.0,2.15
296,0.0,0.0,4.2,4.2,4.2,0.0,1363.0300000002608,119,4.2,4.199,-0.0010000000000003,300.0,31,0.9105932203389832,96.0,2.149
297,0.0,0.0,4.2,4.2,4.2,0.0,1499.570000000298,132,4.2,4.199,-0.0010000000000003,300.0,31,0.9101694915254238,95.0,2.148
298,0.0,0.0,4.2,4.2,4.2,0.0,1373.839999999851,120,4.2,4.199,-0.0010000000000003,300.0,31,0.9093220338983052,94.0,2.146
299,0.0,0.0,4.2,4.2,4.2,0.0,1447.1399999996647,127,4.2,4.199,-0.0010000000000003,300.0,31,0.9088983050847458,93.0,2.145
300,0.0,0.0,4.2,4.2,4.2,0.0,1354.029999999795,118,4.2,4.199,-0.0010000000000003,300.0,31,0.9080508474576272,92.0,2.143
301,0.0,0.0,4.2,4.2,4.2,0.0,1343.820000000298,117,4.2,4.199,-0.0010000000000003,300.0,31,0.9076271186440678,91.0,2.142
302,0.0,0.0,4.2,4.2,4.2,0.0,1434.6800000001676,126,4.2,4.199,-0.0010000000000003,300.0,31,0.9067796610169492,90.0,2.14
303,0.0,0.0,4.2,4.2,4.2,0.0,1369.75,119,4.2,4.199,-0.0010000000000003,300.0,31,0.9063559322033898,89.0,2.139
304,0.0,0.0,4.2,4.2,4.2,0.0,1410.810000000056,124,4.2,4.199,-0.0010000000000003,300.0,31,0.9055084745762711,88.0,2.137
305,0.0,0.0,4.2,4.2,4.2,0.0,1497.3400000003166,132,4.2,4.199,-0.0010000000000003,300.0,31,0.905084745762712,87.0,2.136
306,0.0,0.0,4.2,4.2,4.2,0.0,1438.7999999998135,126,4.2,4.199,-0.0010000000000003,300.0,31,0.9046610169491524,86.0,2.135
307,0.0,0.0,4.2,4.2,4.2,0.0,1519.3900000001304,134,4.2,4.199,-0.0010000000000003,300.0,31,0.903813559322034,85.0,2.133
308,0.0,0.0,4.2,4.2,4.2,0.0,1406.6000000000931,123,4.2,4.199,-0.0010000000000003,300.0,31,0.9029661016949152,84.0,2.131
309,0.0,0.0,4.2,4.2,4.2,0.0,1466.369999999646,129,4.2,4.199,-0.0010000000000003,300.0,31,0.902542372881356,83.0,2.13
310,0.0,0.0,4.2,4.2,4.2,0.0,1444.9900000002235,127,4.2,4.199,-0.0010000000000003,300.0,31,0.9016949152542374,82.0,2.128
311,0.0,0.0,4.2,4.2,4.2,0.0,1497.8000000002794,132,4.2,4.199,-0.0010000000000003,300.0,31,0.901271186440678,81.0,2.127
312,0.0,0.0,4.2,4.2,4.2,0.0,1509.4500000001865,133,4.2,4.199,-0.0010000000000003,300.0,31,0.9004237288135594,80.0,2.125
313,0.0,0.0,4.2,4.2,4.2,0.0,1427.8199999998324,125,4.2,4.199,-0.0010000000000003,300.0,31,0.8995762711864408,79.0,2.123
314,0.0,0.0,4.2,4.2,4.2,0.0,1386.089999999851,121,4.2,4.199,-0.0010000000000003,300.0,31,0.8991525423728813,78.0,2.122
315,0.0,0.0,4.2,4.2,4.2,0.0,1418.0200000000186,124,4.2,4.199,-0.0010000000000003,300.0,31,0.8983050847457628,77.0,2.12
316,0.0,0.0,4.2,4.2,4.2,0.0,1424.4799999999814,125,4.2,4.199,-0.0010000000000003,300.0,31,0.8978813559322035,76.0,2.119
317,0.0,0.0,4.2,4.2,4.2,0.0,1507.0400000000373,133,4.2,4.199,-0.0010000000000003,300.0,31,0.8970338983050848,75.0,2.117
318,0.0,0.0,4.2,4.2,4.2,0.0,1494.189999999944,132,4.2,4.199,-0.0010000000000003,300.0,31,0.8961864406779663,74.0,2.115
319,0.0,0.0,4.2,4.2,4.2,0.0,1531.8199999998324,136,4.2,4.199,-0.0010000000000003,300.0,31,0.8957627118644068,73.0,2.114
320,0.0,0.0,4.2,4.2,4.2,0.0,1594.4900000002235,142,4.2,4.199,-0.0010000000000003,300.0,31,0.8949152542372882,72.0,2.112
321,0.0,0.0,4.2,4.2,4.2,0.0,1427.6599999996834,125,4.2,4.199,-0.0010000000000003,300.0,31,0.8940677966101694,71.0,2.11
322,0.0,0.0,4.2,4.2,4.2,0.0,1539.4599999999627,136,4.2,4.199,-0.0010000000000003,300.0,31,0.8936440677966102,70.0,2.109
323,0.0,0.0,4.2,4.2,4.2,0.0,1634.3299999996088,146,4.2,4.199,-0.0010000000000003,300.0,31,0.8927966101694916,69.0,2.107
324,0.0,0.0,4.2,4.2,4.2,0.0,1566.320000000298,139,4.2,4.199,-0.0010000000000003,300.0,31,0.891949152542373,68.0,2.105
325,0.0,0.0,4.2,4.2,4.2,0.0,1645.2400000002235,147,4.2,4.199,-0.0010000000000003,300.0,31,0.8915254237288136,67.0,2.104
326,0.0,0.0,4.2,4.2,4.2,0.0,1514.5900000003166,134,4.2,4.199,-0.0010000000000003,300.0,31,0.8906779661016949,66.0,2.102
327,0.0,0.0,4.2,4.2,4.2,0.0,1597.9499999997206,142,4.2,4.199,-0.0010000000000003,300.0,31,0.8898305084745763,65.0,2.1
328,0.0,0.0,4.2,4.2,4.2,0.0,1568.0200000000186,139,4.2,4.199,-0.0010000000000003,300.0,31,0.8889830508474577,64.0,2.098
329,0.0,0.0,4.2,4.2,4.2,0.0,1536.470000000205,136,4.2,4.199,-0.0010000000000003,300.0,31,0.8881355932203391,63.0,2.096
330,0.0,0.0,4.2,4.2,4.2,0.0,1557.1000000000931,138,4.2,4.199,-0.0010000000000003,300.0,31,0.8872881355932203,62.0,2.094
331,0.0,0.0,4.2,4.2,4.2,0.0,1523.2000000001865,135,4.2,4.199,-0.0010000000000003,300.0,31,0.8864406779661018,61.0,2.092
332,0.0,0.0,4.2,4.2,4.2,0.0,1629.7900000000373,145,4.2,4.199,-0.0010000000000003,300.0,31,0.8860169491525425,60.0,2.091
333,0.0,0.0,4.2,4.2,4.2,0.0,1585.4000000003723,141,4.2,4.199,-0.0010000000000003,300.0,31,0.8851694915254238,59.0,2.089
334,0.0,0.0,4.2,4.2,4.2,0.0,1723.660000000149,155,4.2,4.199,-0.0010000000000003,300.0,31,0.8843220338983052,58.0,2.087
335,0.0,0.0,4.2,4.2,4.2,0.0,1576.140000000596,140,4.2,4.199,-0.0010000000000003,300.0,31,0.8830508474576272,57.0,2.084
336,0.0,0.0,4.2,4.2,4.2,0.0,1645.9000000003723,147,4.2,4.199,-0.0010000000000003,300.0,31,0.882627118644068,56.0,2.083
337,0.0,0.0,4.2,4.2,4.2,0.0,1633.3499999996277,146,4.2,4.199,-0.0010000000000003,300.0,31,0.8813559322033899,55.0,2.08
338,0.0,0.0,4.2,4.2,4.2,0.0,1669.1399999996647,149,4.2,4.199,-0.0010000000000003,300.0,31,0.8805084745762711,54.0,2.078
339,0.0,0.0,4.2,4.2,4.2,0.0,1667.0,149,4.2,4.199,-0.0010000000000003,300.0,31,0.8796610169491527,53.0,2.076
340,0.0,0.0,4.2,4.2,4.2,0.0,1731.660000000149,156,4.2,4.199,-0.0010000000000003,300.0,31,0.8788135593220339,52.0,2.074
341,0.0,0.0,4.2,4.2,4.2,0.0,1657.0400000000373,148,4.2,4.199,-0.0010000000000003,300.0,31,0.8779661016949153,51.0,2.072
342,0.0,0.0,4.2,4.2,4.2,0.0,1699.3100000005215,152,4.2,4.199,-0.0010000000000003,300.0,31,0.8766949152542373,50.0,2.069
343,0.0,0.0,4.2,4.2,4.2,0.0,1710.0100000007078,154,4.2,4.199,-0.0010000000000003,300.0,31,0.8758474576271188,49.0,2.067
344,0.0,0.0,4.2,4.2,4.2,0.0,1803.2400000002235,163,4.2,4.199,-0.0010000000000003,300.0,31,0.875,48.0,2.065
345,0.0,0.0,4.2,4.2,4.2,0.0,1549.7000000001865,137,4.2,4.199,-0.0010000000000003,300.0,31,0.8889830508474577,47.0,2.098
346,0.0,0.0,4.2,4.2,4.2,0.0,1583.839999999851,141,4.2,4.199,-0.0010000000000003,300.0,31,0.886864406779661,46.0,2.093
347,0.0,0.0,4.2,4.2,4.2,0.0,1646.5400000000373,147,4.2,4.199,-0.0010000000000003,300.0,31,0.8851694915254238,45.0,2.089
348,0.0,0.0,4.2,4.2,4.2,0.0,1669.039999999106,149,4.2,4.199,-0.0010000000000003,300.0,31,0.882627118644068,44.0,2.083
349,0.0,0.0,4.2,4.2,4.2,0.0,1741.9099999992177,157,4.2,4.199,-0.0010000000000003,300.0,31,0.8805084745762711,43.0,2.078
350,0.0,0.0,4.2,4.2,4.2,0.0,1808.7099999999627,163,4.2,4.199,-0.0010000000000003,300.0,31,0.8779661016949153,42.0,2.072
351,0.0,0.0,4.2,4.2,4.2,0.0,1796.6299999998882,162,4.2,4.199,-0.0010000000000003,300.0,31,0.8758474576271188,41.0,2.067
352,0.0,0.0,4.2,4.2,4.2,0.0,1812.1900000004096,164,4.2,4.199,-0.0010000000000003,300.0,31,0.8733050847457627,40.0,2.061
353,0.0,0.0,4.2,4.2,4.2,0.0,1965.260000000708,179,4.2,4.199,-0.0010000000000003,300.0,31,0.8716101694915255,39.0,2.057
354,0.0,0.0,4.2,4.2,4.2,0.0,1930.6399999996647,176,4.2,4.199,-0.0010000000000003,300.0,31,0.8694915254237289,38.0,2.052
355,0.0,0.0,4.2,4.2,4.2,0.0,1903.8100000005215,173,4.2,4.199,-0.0010000000000003,300.0,31,0.8669491525423728,37.0,2.046
356,0.0,0.0,4.2,4.2,4.2,0.0,1883.620000000112,171,4.2,4.199,-0.0010000000000003,300.0,31,0.8652542372881356,36.0,2.042
357,0.0,0.0,4.2,4.2,4.2,0.0,1891.339999999851,172,4.2,4.199,-0.0010000000000003,300.0,31,0.863135593220339,35.0,2.037
358,0.0,0.0,4.2,4.2,4.2,0.0,2028.1899999994785,185,4.2,4.199,-0.0010000000000003,300.0,31,0.8614406779661017,34.0,2.033
359,0.0,0.0,4.2,4.2,4.2,0.0,2005.4599999999627,183,4.2,4.199,-0.0010000000000003,300.0,31,0.8593220338983052,33.0,2.028
360,0.0,0.0,4.2,4.2,4.2,0.0,2021.6900000004096,185,4.2,4.199,-0.0010000000000003,300.0,31,0.8576271186440678,32.0,2.024
361,0.0,0.0,4.2,4.2,4.2,0.0,2055.339999999851,188,4.2,4.199,-0.0010000000000003,300.0,31,0.8559322033898306,31.0,2.02
362,0.0,0.0,4.2,4.2,4.2,0.0,2063.550000000745,189,4.2,4.199,-0.0010000000000003,300.0,31,0.853813559322034,30.0,2.015
363,0.0,0.0,4.2,4.2,4.2,0.0,1969.0800000000745,179,4.2,4.199,-0.0010000000000003,300.0,31,0.8521186440677967,29.0,2.011
364,0.0,0.0,4.2,4.2,4.2,0.0,2016.3099999995904,184,4.2,4.199,-0.0010000000000003,300.0,31,0.8504237288135594,28.0,2.007
365,0.0,0.0,4.2,4.2,4.2,0.0,2034.1500000003723,186,4.2,4.199,-0.0010000000000003,300.0,31,0.8487288135593222,27.0,2.003
366,0.0,0.0,4.2,4.2,4.2,0.0,2043.9500000001865,187,4.2,4.199,-0.0010000000000003,300.0,31,0.8470338983050848,26.0,1.999
367,0.0,0.0,4.2,4.2,4.2,0.0,2045.5400000000373,187,4.2,4.199,-0.0010000000000003,300.0,31,0.8449152542372882,25.0,1.994
368,0.0,0.0,4.2,4.2,4.2,0.0,2144.1899999994785,197,4.2,4.199,-0.0010000000000003,300.0,31,0.8432203389830509,24.0,1.99
369,0.0,0.0,4.2,4.2,4.2,0.0,2174.7800000002608,200,4.2,4.199,-0.0010000000000003,300.0,31,0.8415254237288136,23.0,1.986
370,0.0,0.0,4.2,4.2,4.2,0.0,2154.2999999998137,198,4.2,4.199,-0.0010000000000003,300.0,31,0.8394067796610171,22.0,1.981
371,0.0,0.0,4.2,4.2,4.2,0.0,2174.9399999994785,200,4.2,4.199,-0.0010000000000003,300.0,31,0.8377118644067797,21.0,1.977
372,0.0,0.0,4.2,4.2,4.2,0.0,2293.269999999553,212,4.2,4.199,-0.0010000000000003,300.0,31,0.8360169491525424,20.0,1.973
373,0.0,0.0,4.2,4.2,4.2,0.0,2143.5299999993294,197,4.2,4.199,-0.0010000000000003,300.0,31,0.8343220338983052,19.0,1.969
374,0.0,0.0,4.2,4.2,4.2,0.0,2222.9900000002235,205,4.2,4.199,-0.0010000000000003,300.0,31,0.8322033898305085,18.0,1.964
375,0.0,0.0,4.2,4.2,4.2,0.0,2150.620000000112,198,4.2,4.199,-0.0010000000000003,300.0,31,0.8305084745762712,17.0,1.96
376,0.0,0.0,4.2,4.2,4.2,0.0,2197.2599999997765,202,4.2,4.199,-0.0010000000000003,300.0,31,0.8283898305084747,16.0,1.955
377,0.0,0.0,4.2,4.2,4.2,0.0,2214.9399999994785,204,4.2,4.199,-0.0010000000000003,300.0,31,0.8266949152542373,15.0,1.951
378,0.0,0.0,4.2,4.2,4.2,0.0,2270.1100000003353,210,4.2,4.199,-0.0010000000000003,300.0,31,0.8250000000000001,14.0,1.947
379,0.0,0.0,4.2,4.2,4.2,0.0,2266.2400000002235,209,4.2,4.199,-0.0010000000000003,300.0,31,0.8228813559322035,13.0,1.942
380,0.0,0.0,4.2,4.2,4.2,0.0,2444.5699999993667,227,4.2,4.199,-0.0010000000000003,300.0,31,0.8211864406779661,12.0,1.938
381,0.0,0.0,4.2,4.2,4.2,0.0,2308.0400000000373,213,4.2,4.199,-0.0010000000000003,300.0,31,0.8194915254237288,11.0,1.934
382,0.0,0.0,4.2,4.2,4.2,0.0,2305.5499999998137,213,4.2,4.199,-0.0010000000000003,300.0,31,0.8173728813559322,10.0,1.929
383,0.0,0.0,4.2,4.2,4.2,0.0,2415.589999999851,224,4.2,4.199,-0.0010000000000003,300.0,31,0.815677966101695,9.0,1.925
384,0.0,0.0,4.2,4.2,4.2,0.0,2286.710000000894,211,4.2,4.199,-0.0010000000000003,300.0,31,0.8139830508474577,8.0,1.921
385,0.0,0.0,4.2,4.2,4.2,0.0,2440.7099999999627,227,4.2,4.199,-0.0010000000000003,300.0,31,0.8122881355932204,7.0,1.917
386,0.0,0.0,4.2,4.2,4.2,0.0,2423.7199999997392,225,4.2,4.199,-0.0010000000000003,300.0,31,0.8101694915254237,6.0,1.912
387,0.0,0.0,4.2,4.2,4.2,0.0,2518.629999999888,234,4.2,4.199,-0.0010000000000003,300.0,31,0.8084745762711865,5.0,1.908
388,0.0,0.0,4.2,4.2,4.2,0.0,2536.5099999997765,236,4.2,4.199,-0.0010000000000003,300.0,31,0.8067796610169492,4.0,1.904
389,0.0,0.0,4.2,4.2,4.2,0.0,2482.5099999997765,231,4.2,4.199,-0.0010000000000003,300.0,31,0.8046610169491526,3.0,1.899
390,0.0,0.0,4.2,4.2,4.2,0.0,2248.1399999996647,207,4.2,4.198,-0.0019999999999997,300.0,31,0.8029661016949153,2.0,1.895
391,0.0,0.0,4.2,4.2,4.2,0.0,2604.7099999999627,243,4.2,4.199,-0.0010000000000003,300.0,31,0.801271186440678,1.0,1.891
392,0.0,0.0,4.2,4.2,4.2,0.0,2581.5,241,4.2,4.199,-0.0010000000000003,300.0,31,0.7995762711864407,0.0,1.887
393,0.0,0.0,4.2,4.2,4.2,0.0,2486.7299999995157,231,4.2,4.199,-0.0010000000000003,300.0,31,0.7970338983050848,-1.0,1.881
394,0.0,0.0,4.2,4.2,4.2,0.0,2554.7700000004843,238,4.2,4.199,-0.0010000000000003,300.0,31,0.7953389830508475,-2.0,1.877
395,0.0,0.0,4.2,4.2,4.2,0.0,2715.6399999996647,254,4.2,4.199,-0.0010000000000003,300.0,31,0.7936440677966102,-3.0,1.873
396,0.0,0.0,4.2,4.2,4.2,0.0,2621.3199999993667,245,4.2,4.199,-0.0010000000000003,300.0,31,0.7915254237288136,-4.0,1.868
397,0.0,0.0,4.2,4.2,4.2,0.0,2581.2000000001863,241,4.2,4.199,-0.0010000000000003,300.0,31,0.789406779661017,-5.0,1.863
398,0.0,0.0,4.2,4.2,4.2,0.0,2471.4799999995157,230,4.2,4.199,-0.0010000000000003,300.0,31,0.7877118644067796,-6.0,1.859
399,0.0,0.0,4.2,4.2,4.2,0.0,2694.25,252,4.2,4.199,-0.0010000000000003,300.0,31,0.7860169491525424,-7.0,1.855
400,0.0,0.0,4.2,4.2,4.2,0.0,2672.179999999702,250,4.2,4.199,-0.0010000000000003,300.0,31,0.7838983050847459,-8.0,1.85
401,0.0,0.0,4.2,4.2,4.2,0.0,2691.7999999998137,252,4.2,4.199,-0.0010000000000003,300.0,31,0.7822033898305085,-9.0,1.846
402,0.0,0.0,4.2,4.2,4.2,0.0,2680.1699999999255,251,4.2,4.199,-0.0010000000000003,300.0,31,0.7800847457627119,-10.0,1.841
403,0.0,0.0,4.2,4.2,4.2,0.0,2766.2400000002235,259,4.2,4.199,-0.0010000000000003,300.0,31,0.7779661016949153,-11.0,1.836
404,0.0,0.0,4.2,4.2,4.2,0.0,2750.0800000000745,258,4.2,4.199,-0.0010000000000003,300.0,31,0.776271186440678,-12.0,1.832
405,0.0,0.0,4.2,4.2,4.2,0.0,2775.550000000745,260,4.2,4.199,-0.0010000000000003,300.0,31,0.7741525423728813,-13.0,1.827
406,0.0,0.0,4.2,4.2,4.2,0.0,2764.769999999553,259,4.2,4.199,-0.0010000000000003,300.0,31,0.7720338983050848,-14.0,1.822
407,0.0,0.0,4.2,4.2,4.2,0.0,2755.7999999998137,258,4.2,4.199,-0.0010000000000003,300.0,31,0.7703389830508475,-15.0,1.818
408,0.0,0.0,4.2,4.2,4.2,0.0,2561.3300000000745,239,4.2,4.199,-0.0010000000000003,300.0,31,0.7677966101694916,-16.0,1.812
409,0.0,0.0,4.2,4.2,4.2,0.0,2675.089999999851,250,4.2,4.199,-0.0010000000000003,300.0,31,0.7661016949152543,-17.0,1.808
410,0.0,0.0,4.2,4.2,4.2,0.0,2815.9799999995157,264,4.2,4.199,-0.0010000000000003,300.0,31,0.7639830508474577,-18.0,1.803
411,0.0,0.0,4.2,4.2,4.2,0.0,2682.329999999143,251,4.2,4.199,-0.0010000000000003,300.0,31,0.761864406779661,-19.0,1.798
412,0.0,0.0,4.2,4.2,4.2,0.0,2859.19000000041,268,4.2,4.199,-0.0010000000000003,300.0,31,0.7597457627118644,-20.0,1.793
413,0.0,0.0,4.2,4.2,4.2,0.0,2716.2999999998137,254,4.2,4.199,-0.0010000000000003,300.0,31,0.7576271186440678,-21.0,1.788
414,0.0,0.0,4.2,4.2,4.2,0.0,2986.5,281,4.2,4.199,-0.0010000000000003,300.0,31,0.7559322033898306,-22.0,1.784
415,0.0,0.0,4.2,4.2,4.2,0.0,2941.410000000149,277,4.2,4.199,-0.0010000000000003,300.0,31,0.7538135593220339,-23.0,1.779
416,0.0,0.0,4.2,4.2,4.2,0.0,2839.4199999999255,266,4.2,4.199,-0.0010000000000003,300.0,31,0.7521186440677966,-24.0,1.775
417,0.0,0.0,4.2,4.2,4.2,0.0,2871.6699999999255,270,4.2,4.199,-0.0010000000000003,300.0,31,0.75,-25.0,1.77
418,0.0,0.0,4.2,4.2,4.2,0.0,2844.480000000447,267,4.2,4.199,-0.0010000000000003,300.0,31,0.7474576271186442,-26.0,1.764
419,0.0,0.0,4.2,4.2,4.2,0.0,2938.94000000041,276,4.2,4.199,-0.0010000000000003,300.0,31,0.7453389830508474,-27.0,1.759
420,0.0,0.0,4.2,4.2,4.2,0.0,2829.7099999999627,265,4.2,4.199,-0.0010000000000003,300.0,31,0.7432203389830508,-28.0,1.754
421,0.0,0.0,4.2,4.2,4.2,0.0,3047.989999999292,287,4.2,4.199,-0.0010000000000003,300.0,31,0.7415254237288136,-29.0,1.75
422,0.0,0.0,4.2,4.2,4.2,0.0,2906.4799999995157,273,4.2,4.198,-0.0019999999999997,300.0,31,0.7394067796610171,-30.0,1.745
423,0.0,0.0,4.2,4.2,4.2,0.0,2857.0499999998137,268,4.2,4.198,-0.0019999999999997,300.0,31,0.7372881355932204,-31.0,1.74
424,0.0,0.0,4.2,4.2,4.2,0.0,3106.7099999999627,293,4.2,4.199,-0.0010000000000003,300.0,31,0.7355932203389831,-32.0,1.736
425,0.0,0.0,4.2,4.2,4.2,0.0,3086.19000000041,291,4.2,4.199,-0.0010000000000003,300.0,31,0.7334745762711865,-33.0,1.731
426,0.0,0.0,4.2,4.2,4.2,0.0,2838.4000000003725,266,4.2,4.198,-0.0019999999999997,300.0,31,0.7313559322033899,-34.0,1.726
427,0.0,0.0,4.2,4.2,4.2,0.0,2907.629999999888,273,4.2,4.199,-0.0010000000000003,300.0,31,0.7292372881355933,-35.0,1.721
428,0.0,0.0,4.2,4.2,4.2,0.0,3115.570000000298,294,4.2,4.199,-0.0010000000000003,300.0,31,0.727542372881356,-36.0,1.717
429,0.0,0.0,4.2,4.2,4.2,0.0,3072.4700000006706,290,4.2,4.199,-0.0010000000000003,300.0,31,0.7254237288135593,-37.0,1.712
430,0.0,0.0,4.2,4.2,4.2,0.0,3223.320000000298,305,4.2,4.199,-0.0010000000000003,300.0,31,0.7241525423728814,-38.0,1.709
431,0.0,0.0,4.2,4.2,4.2,0.0,3312.4000000003725,314,4.2,4.199,-0.0010000000000003,300.0,31,0.7224576271186441,-39.0,1.705
432,0.0,0.0,4.2,4.2,4.2,0.0,3081.339999999851,291,4.2,4.199,-0.0010000000000003,300.0,31,0.7207627118644069,-40.0,1.701
433,0.0,0.0,4.2,4.2,4.2,0.0,3036.3300000000745,286,4.2,4.198,-0.0019999999999997,300.0,31,0.7190677966101695,-41.0,1.697
434,0.0,0.0,4.2,4.2,4.2,0.0,3183.1699999999255,301,4.2,4.199,-0.0010000000000003,300.0,31,0.7177966101694916,-42.0,1.694
435,0.0,0.0,4.2,4.2,4.2,0.0,3081.4199999999255,291,4.2,4.199,-0.0010000000000003,300.0,31,0.7161016949152542,-43.0,1.69
436,0.0,0.0,4.2,4.2,4.2,0.0,3169.2599999997765,299,4.2,4.199,-0.0010000000000003,300.0,31,0.7148305084745763,-44.0,1.687
437,0.0,0.0,4.2,4.2,4.2,0.0,3238.0900000007823,306,4.2,4.199,-0.0010000000000003,300.0,31,0.7135593220338983,-45.0,1.684
438,0.0,0.0,4.2,4.2,4.2,0.0,3200.0099999997765,303,4.2,4.199,-0.0010000000000003,300.0,31,0.7127118644067797,-46.0,1.682
439,0.0,0.0,4.2,4.2,4.2,0.0,3186.69000000041,301,4.2,4.198,-0.0019999999999997,300.0,31,0.711864406779661,-47.0,1.68
440,0.0,0.0,4.2,4.2,4.2,0.0,3176.730000000447,300,4.2,4.198,-0.0019999999999997,300.0,31,0.7114406779661018,-48.0,1.679
441,0.0,0.0,4.2,4.2,4.2,0.0,3336.730000000447,316,4.2,4.199,-0.0010000000000003,300.0,31,0.711864406779661,-49.0,1.68
442,0.0,0.0,4.2,4.2,4.2,0.0,3344.320000000298,317,4.2,4.199,-0.0010000000000003,300.0,31,0.7114406779661018,-50.0,1.679
443,0.0,0.0,4.2,4.2,4.2,0.0,3218.350000000559,304,4.2,4.199,-0.0010000000000003,300.0,31,0.7105932203389831,-51.0,1.677
444,0.0,0.0,4.2,4.2,4.2,0.0,3073.7299999995157,290,4.2,4.199,-0.0010000000000003,300.0,31,0.740677966101695,-52.0,1.748
445,0.0,0.0,4.2,4.2,4.2,0.0,3103.80999999959,293,4.2,4.199,-0.0010000000000003,300.0,31,0.7364406779661017,-53.0,1.738
446,0.0,0.0,4.2,4.2,4.2,0.0,3157.9599999999627,298,4.2,4.199,-0.0010000000000003,300.0,31,0.7334745762711865,-54.0,1.731
447,0.0,0.0,4.2,4.2,4.2,0.0,2861.0800000000745,269,4.2,4.198,-0.0019999999999997,300.0,31,0.7305084745762712,-55.0,1.724
448,0.0,0.0,4.2,4.2,4.2,0.0,3129.4799999995157,295,4.2,4.199,-0.0010000000000003,300.0,31,0.7296610169491525,-56.0,1.722
449,0.0,0.0,4.2,4.2,4.2,0.0,3076.670000000857,290,4.2,4.199,-0.0010000000000003,300.0,31,0.7279661016949153,-57.0,1.718
450,0.0,0.0,4.2,4.2,4.2,0.0,2986.4399999994785,281,4.2,4.198,-0.0019999999999997,300.0,31,0.7266949152542374,-58.0,1.715
451,0.0,0.0,4.2,4.2,4.2,0.0,2975.5800000000745,280,4.2,4.199,-0.0010000000000003,300.0,31,0.7254237288135593,-59.0,1.712
452,0.0,0.0,4.2,4.2,4.2,0.0,3066.4599999999627,289,4.2,4.199,-0.0010000000000003,300.0,31,0.7250000000000001,-60.0,1.711
453,0.0,0.0,4.2,4.2,4.2,0.0,3139.4900000002235,296,4.2,4.199,-0.0010000000000003,300.0,31,0.7237288135593221,-61.0,1.708
454,0.0,0.0,4.2,4.2,4.2,0.0,3326.0999999996275,315,4.2,4.199,-0.0010000000000003,300.0,31,0.7220338983050848,-62.0,1.704
455,0.0,0.0,4.2,4.2,4.2,0.0,3104.320000000298,293,4.2,4.199,-0.0010000000000003,300.0,31,0.7207627118644069,-63.0,1.701
456,0.0,0.0,4.2,4.2,4.2,0.0,3029.379999999888,285,4.2,4.199,-0.0010000000000003,300.0,31,0.7203389830508474,-64.0,1.7
457,0.0,0.0,4.2,4.2,4.2,0.0,3264.1800000006333,309,4.2,4.199,-0.0010000000000003,300.0,31,0.7199152542372882,-65.0,1.699
458,0.0,0.0,4.2,4.2,4.2,0.0,3171.179999999702,300,4.2,4.199,-0.0010000000000003,300.0,31,0.7199152542372882,-66.0,1.699
459,0.0,0.0,4.2,4.2,4.2,0.0,3183.640000000596,301,4.2,4.199,-0.0010000000000003,300.0,31,0.7203389830508474,-67.0,1.7
460,0.0,0.0,4.2,4.2,4.2,0.0,3306.5299999993294,313,4.2,4.199,-0.0010000000000003,300.0,31,0.7211864406779661,-68.0,1.702
461,0.0,0.0,4.2,4.2,4.2,0.0,3257.679999999702,308,4.2,4.199,-0.0010000000000003,300.0,31,0.7211864406779661,-69.0,1.702
462,0.0,0.0,4.2,4.2,4.2,0.0,3140.2599999997765,297,4.2,4.199,-0.0010000000000003,300.0,31,0.7233050847457628,-70.0,1.707
463,0.0,0.0,4.2,4.2,4.2,0.0,2934.94000000041,276,4.2,4.199,-0.0010000000000003,300.0,31,0.7233050847457628,-71.0,1.707
464,0.0,0.0,4.2,4.2,4.2,0.0,3029.9700000006706,285,4.2,4.199,-0.0010000000000003,300.0,31,0.7233050847457628,-72.0,1.707
465,0.0,0.0,4.2,4.2,4.2,0.0,2897.839999999851,272,4.2,4.199,-0.0010000000000003,300.0,31,0.7224576271186441,-73.0,1.705
466,0.0,0.0,4.2,4.2,4.2,0.0,2975.1699999999255,280,4.2,4.199,-0.0010000000000003,300.0,31,0.7224576271186441,-74.0,1.705
467,0.0,0.0,4.2,4.2,4.2,0.0,2828.7800000002608,265,4.2,4.199,-0.0010000000000003,300.0,31,0.7224576271186441,-75.0,1.705
468,0.0,0.0,4.2,4.2,4.2,0.0,2912.7599999997765,274,4.2,4.199,-0.0010000000000003,300.0,31,0.7224576271186441,-76.0,1.705
469,0.0,0.0,4.2,4.2,4.2,0.0,2838.100000000559,266,4.2,4.199,-0.0010000000000003,300.0,31,0.7228813559322034,-77.0,1.706
470,0.0,0.0,4.2,4.2,4.2,0.0,2883.5099999997765,271,4.2,4.199,-0.0010000000000003,300.0,31,0.7241525423728814,-78.0,1.709
471,0.0,0.0,4.2,4.2,4.2,0.0,2693.5600000005215,252,4.2,4.198,-0.0019999999999997,300.0,31,0.7245762711864407,-79.0,1.71
472,0.0,0.0,4.2,4.2,4.2,0.0,2961.4599999999627,279,4.2,4.199,-0.0010000000000003,300.0,31,0.7245762711864407,-80.0,1.71
473,0.0,0.0,4.2,4.2,4.2,0.0,2775.8600000003353,260,4.2,4.199,-0.0010000000000003,300.0,31,0.7254237288135593,-81.0,1.712
474,0.0,0.0,4.2,4.2,4.2,0.0,2782.910000000149,261,4.2,4.199,-0.0010000000000003,300.0,31,0.7250000000000001,-82.0,1.711
475,0.0,0.0,4.2,4.2,4.2,0.0,2771.070000000298,260,4.2,4.199,-0.0010000000000003,300.0,31,0.7258474576271187,-83.0,1.713
476,0.0,0.0,4.2,4.2,4.2,0.0,2667.570000000298,249,4.2,4.199,-0.0010000000000003,300.0,31,0.7258474576271187,-84.0,1.713
477,0.0,0.0,4.2,4.2,4.2,0.0,2695.7199999997392,252,4.2,4.199,-0.0010000000000003,300.0,31,0.7254237288135593,-85.0,1.712
478,0.0,0.0,4.2,4.2,4.2,0.0,2444.5800000000745,227,4.2,4.199,-0.0010000000000003,300.0,31,0.7266949152542374,-86.0,1.715
479,0.0,0.0,4.2,4.2,4.2,0.0,2685.5400000000373,251,4.2,4.199,-0.0010000000000003,300.0,31,0.7254237288135593,-87.0,1.712
480,0.0,0.0,4.2,4.2,4.2,0.0,2634.6399999996647,246,4.2,4.199,-0.0010000000000003,300.0,31,0.7245762711864407,-88.0,1.71
481,0.0,0.0,4.2,4.2,4.2,0.0,2665.100000000559,249,4.2,4.199,-0.0010000000000003,300.0,31,0.7241525423728814,-89.0,1.709
482,0.0,0.0,4.2,4.2,4.2,0.0,2706.1800000006333,253,4.2,4.199,-0.0010000000000003,300.0,31,0.7237288135593221,-90.0,1.708
483,0.0,0.0,4.2,4.2,4.2,0.0,2639.3199999993667,246,4.2,4.199,-0.0010000000000003,300.0,31,0.7228813559322034,-91.0,1.706
484,0.0,0.0,4.2,4.2,4.2,0.0,2784.429999999702,261,4.2,4.199,-0.0010000000000003,300.0,31,0.7224576271186441,-92.0,1.705
485,0.0,0.0,4.2,4.2,4.2,0.0,2719.5699999993667,254,4.2,4.199,-0.0010000000000003,300.0,31,0.7220338983050848,-93.0,1.704
486,0.0,0.0,4.2,4.2,4.2,0.0,2527.949999999255,235,4.2,4.199,-0.0010000000000003,300.0,31,0.7207627118644069,-94.0,1.701
487,0.0,0.0,4.2,4.2,4.2,0.0,2599.0,242,4.2,4.199,-0.0010000000000003,300.0,31,0.7199152542372882,-95.0,1.699
488,0.0,0.0,4.2,4.2,4.2,0.0,2661.899999999441,249,4.2,4.199,-0.0010000000000003,300.0,31,0.7194915254237289,-96.0,1.698
489,0.0,0.0,4.2,4.2,4.2,0.0,2574.5299999993294,240,4.2,4.199,-0.0010000000000003,300.0,31,0.7182203389830509,-97.0,1.695
490,0.0,0.0,4.2,4.2,4.2,0.0,2610.6699999999255,244,4.2,4.199,-0.0010000000000003,300.0,31,0.7173728813559322,-98.0,1.693
491,0.0,0.0,4.2,4.2,4.2,0.0,2637.519999999553,246,4.2,4.199,-0.0010000000000003,300.0,31,0.7161016949152542,-99.0,1.69
492,0.0,0.0,4.2,4.2,4.2,0.0,2660.870000000112,249,4.2,4.199,-0.0010000000000003,300.0,31,0.7148305084745763,-100.0,1.687
493,0.0,0.0,4.2,4.2,4.2,0.0,2617.1500000003725,244,4.2,4.199,-0.0010000000000003,300.0,31,0.6915254237288135,-101.0,1.632
494,0.0,0.0,4.2,4.2,4.2,0.0,2646.7800000002608,247,4.2,4.199,-0.0010000000000003,300.0,31,0.6944915254237288,-102.0,1.639
495,0.0,0.0,4.2,4.2,4.2,0.0,2571.339999999851,240,4.2,4.199,-0.0010000000000003,300.0,31,0.6944915254237288,-103.0,1.639
496,0.0,0.0,4.2,4.2,4.2,0.0,2685.0600000005215,251,4.2,4.199,-0.0010000000000003,300.0,31,0.6932203389830508,-104.0,1.636
497,0.0,0.0,4.2,4.2,4.2,0.0,2563.320000000298,239,4.2,4.199,-0.0010000000000003,300.0,31,0.6915254237288135,-105.0,1.632
498,0.0,0.0,4.2,4.2,4.2,0.0,2598.3499999996275,242,4.2,4.199,-0.0010000000000003,300.0,31,0.6898305084745763,-106.0,1.628
499,0.0,0.0,4.2,4.2,4.2,0.0,2714.8100000005215,254,4.2,4.199,-0.0010000000000003,300.0,31,0.6885593220338984,-107.0,1.625
500,0.0,0.0,4.2,4.2,4.2,0.0,2570.7199999997392,240,4.2,4.199,-0.0010000000000003,300.0,31,0.6872881355932204,-108.0,1.622
501,0.0,0.0,4.2,4.2,4.2,0.0,2614.2900000000373,244,4.2,4.198,-0.0019999999999997,300.0,31,0.6860169491525424,-109.0,1.619
502,0.0,0.0,4.2,4.2,4.2,0.0,2701.75,253,4.2,4.199,-0.0010000000000003,300.0,31,0.6838983050847458,-110.0,1.614
503,0.0,0.0,4.2,4.2,4.2,0.0,2617.19000000041,244,4.2,4.199,-0.0010000000000003,300.0,31,0.6826271186440678,-111.0,1.611
504,0.0,0.0,4.2,4.2,4.2,0.0,2597.80999999959,242,4.2,4.199,-0.0010000000000003,300.0,31,0.6809322033898305,-112.0,1.607
505,0.0,0.0,4.2,4.2,4.2,0.0,2609.55999999959,243,4.2,4.199,-0.0010000000000003,300.0,31,0.678813559322034,-113.0,1.602
506,0.0,0.0,4.2,4.2,4.2,0.0,2691.7400000002235,252,4.2,4.199,-0.0010000000000003,300.0,31,0.6771186440677966,-114.0,1.598
507,0.0,0.0,4.2,4.2,4.2,0.0,2574.320000000298,240,4.2,4.199,-0.0010000000000003,300.0,31,0.675,-115.0,1.593
508,0.0,0.0,4.2,4.2,4.2,0.0,2671.2599999997765,250,4.2,4.199,-0.0010000000000003,300.0,31,0.6728813559322034,-116.0,1.588
509,0.0,0.0,4.2,4.2,4.2,0.0,2681.0499999998137,251,4.2,4.199,-0.0010000000000003,300.0,31,0.6699152542372881,-117.0,1.581
510,0.0,0.0,4.2,4.2,4.2,0.0,2490.019999999553,232,4.2,4.199,-0.0010000000000003,300.0,31,0.6665254237288136,-118.0,1.573
511,0.0,0.0,4.2,4.2,4.2,0.0,2693.0999999996275,252,4.2,4.199,-0.0010000000000003,300.0,31,0.6627118644067798,-119.0,1.564
512,0.0,0.0,4.2,4.2,4.2,0.0,2481.94000000041,231,4.2,4.199,-0.0010000000000003,300.0,31,0.660593220338983,-120.0,1.559
513,0.0,0.0,4.2,4.2,4.2,0.0,2676.920000000857,250,4.2,4.198,-0.0019999999999997,300.0,31,0.6567796610169492,-121.0,1.55
514,0.0,0.0,4.2,4.2,4.2,0.0,2718.870000000112,254,4.2,4.198,-0.0019999999999997,300.0,31,0.6533898305084747,-122.0,1.542
515,0.0,0.0,4.2,4.2,4.2,0.0,2537.120000000112,236,4.2,4.198,-0.0019999999999997,300.0,31,0.6491525423728814,-123.0,1.532
516,0.0,0.0,4.2,4.2,4.2,0.0,2394.320000000298,222,4.2,4.198,-0.0019999999999997,300.0,31,0.6449152542372881,-124.0,1.522
517,0.0,0.0,4.2,4.2,4.2,0.0,2368.339999999851,219,4.2,4.198,-0.0019999999999997,300.0,31,0.6411016949152543,-125.0,1.513
518,0.0,0.0,4.2,4.2,4.2,0.0,2592.239999999292,242,4.2,4.199,-0.0010000000000003,300.0,31,0.636864406779661,-126.0,1.503
519,0.0,0.0,4.2,4.2,4.2,0.0,2629.3800000008196,245,4.2,4.198,-0.0019999999999997,300.0,31,0.6317796610169493,-127.0,1.491
520,0.0,0.0,4.2,4.2,4.2,0.0,2533.9599999999627,236,4.2,4.198,-0.0019999999999997,300.0,31,0.6258474576271187,-128.0,1.477
521,0.0,0.0,4.2,4.2,4.2,0.0,2463.2599999997765,229,4.2,4.199,-0.0010000000000003,300.0,31,0.6190677966101695,-129.0,1.461
522,0.0,0.0,4.2,4.2,4.2,0.0,2593.390000000596,242,4.2,4.199,-0.0010000000000003,300.0,31,0.6127118644067797,-130.0,1.446
523,0.0,0.0,4.2,4.2,4.2,0.0,2601.870000000112,243,4.2,4.199,-0.0010000000000003,300.0,31,0.6050847457627119,-131.0,1.428
524,0.0,0.0,4.2,4.2,4.2,0.0,2564.570000000298,239,4.2,4.198,-0.0019999999999997,300.0,31,0.5953389830508475,-132.0,1.405
525,0.0,0.0,4.2,4.2,4.2,0.0,2595.7199999997392,242,4.2,4.198,-0.0019999999999997,300.0,31,0.5847457627118644,-133.0,1.38
526,0.0,0.0,4.2,4.2,4.2,0.0,2684.179999999702,251,4.2,4.199,-0.0010000000000003,300.0,31,0.5737288135593221,-134.0,1.354
527,0.0,0.0,4.2,4.2,4.2,0.0,2655.1899999994785,248,4.2,4.198,-0.0019999999999997,300.0,31,0.5614406779661018,-135.0,1.325
528,0.0,0.0,4.2,4.2,4.2,0.0,2946.4900000002235,277,4.2,4.198,-0.0019999999999997,300.0,31,0.5491525423728814,-136.0,1.296
529,0.0,0.0,4.2,4.2,4.2,0.0,3172.4500000001863,300,4.2,4.198,-0.0019999999999997,300.0,31,0.5360169491525424,-137.0,1.265
530,0.0,0.0,4.2,4.2,4.2,0.0,3115.179999999702,294,4.2,4.199,-0.0010000000000003,300.0,31,0.5220338983050847,-138.0,1.232
531,0.0,0.0,4.2,4.2,4.2,0.0,3073.879999999888,290,4.2,4.198,-0.0019999999999997,300.0,31,0.5076271186440678,-139.0,1.198
532,0.0,0.0,4.2,4.2,4.2,0.0,3161.75,299,4.2,4.198,-0.0019999999999997,300.0,31,0.4932203389830508,-140.0,1.164
533,0.0,0.0,4.2,4.2,4.2,0.0,3055.1100000003353,288,4.2,4.198,-0.0019999999999997,300.0,31,0.4788135593220339,-141.0,1.13
534,0.0,0.0,4.2,4.2,4.2,0.0,3066.0,289,4.2,4.198,-0.0019999999999997,300.0,31,0.4656779661016949,-142.0,1.099
535,0.0,0.0,4.2,4.2,4.2,0.0,3064.519999999553,289,4.2,4.198,-0.0019999999999997,300.0,31,0.4529661016949152,-143.0,1.069
536,0.0,0.0,4.2,4.2,4.2,0.0,3069.629999999888,289,4.2,4.198,-0.0019999999999997,300.0,31,0.4402542372881355,-144.0,1.039
537,0.0,0.0,4.2,4.2,4.2,0.0,2822.3899999996647,265,4.2,4.198,-0.0019999999999997,300.0,31,0.4279661016949153,-145.0,1.01
538,0.0,0.0,4.2,4.2,4.2,0.0,2948.4699999997392,277,4.2,4.198,-0.0019999999999997,300.0,31,0.4177966101694915,-146.0,0.986
539,0.0,0.0,4.2,4.2,4.2,0.0,2885.230000000447,271,4.2,4.198,-0.0019999999999997,300.0,31,0.4055084745762712,-147.0,0.957
